   0.5923  -0.4295  -0.3390
   0.5756  -0.3934  -0.3149
   0.5578  -0.3555  -0.2896
   0.5388  -0.3157  -0.2629
   0.5185  -0.2740  -0.2348
   0.4969  -0.2303  -0.2053
   0.4739  -0.1843  -0.1741
   0.4495  -0.1359  -0.1413
   0.4234  -0.0850  -0.1066
   0.3958  -0.0314  -0.0700
   0.3663   0.0252  -0.0313
   0.3349   0.0850   0.0096
   0.3015   0.1482   0.0530
   0.2659   0.2152   0.0990
   0.2279   0.2863   0.1479
   0.1873   0.3619   0.2000
   0.1439   0.4423   0.2555
   0.0974   0.5282   0.3148
   0.0476   0.6201   0.3783
  -0.0059   0.7186   0.4464
  -0.0636   0.8246   0.5197
  -0.1259   0.9388   0.5988
  -0.1933   1.0625   0.6844
  -0.2665   1.1967   0.7774
  -0.3464   1.3430   0.8788
  -0.4337   1.5032   0.9898
  -0.5297   1.6795   1.1120
  -0.6357   1.8744   1.2471
  -0.7535   2.0911   1.3973
  -0.8851   2.3339   1.5656
  -1.0334   2.6078   1.7554
  -1.2017   2.9194   1.9713
  -1.3947   3.2773   2.2193
  -1.6185   3.6933   2.5074
  -1.8813   4.1828   2.8464
  -2.1947   4.7681   3.2515
  -2.5755   5.4810   3.7449
  -3.0489   6.3691   4.3593
  -3.6545   7.5075   5.1468
  -4.4582   9.0212   6.1936
   -5.5787   11.1354    7.6553
   -7.2533   14.3002    9.8429
  -10.0358   19.5661   13.4822
  -15.5880   30.0843   20.7505
  -32.2175   61.6111   42.5338
   0.2136   0.0915   0.0305
   34.2173  -64.4109  -44.5336
   17.5869  -32.8835  -22.7498
   12.0336  -22.3644  -15.4808
    9.2493  -17.0973  -11.8404
    7.5724  -13.9308   -9.6513
    6.4492  -11.8146   -8.1878
    5.6423  -10.2984   -7.1389
   5.0330  -9.1573  -6.3490
   4.5553  -8.2660  -5.7318
   4.1697  -7.5497  -5.2354
   3.8511  -6.9606  -4.8268
   3.5826  -6.4668  -4.4841
   3.3527  -6.0463  -4.1920
   3.1530  -5.6833  -3.9397
   2.9775  -5.3664  -3.7192
   2.8215  -5.0869  -3.5244
   2.6818  -4.8381  -3.3509
   2.5554  -4.6149  -3.1950
   2.4403  -4.4133  -3.0540
   2.3347  -4.2300  -2.9257
   2.2374  -4.0624  -2.8082
   2.1471  -3.9082  -2.6999
   2.0629  -3.7659  -2.5998
   1.9841  -3.6337  -2.5068
   1.9100  -3.5106  -2.4200
   1.8400  -3.3955  -2.3386
   1.7737  -3.2875  -2.2622
   1.7107  -3.1857  -2.1901
   1.6506  -3.0896  -2.1219
   1.5932  -2.9986  -2.0572
   1.5381  -2.9122  -1.9957
   1.4852  -2.8299  -1.9370
   1.4343  -2.7514  -1.8810
   1.3851  -2.6763  -1.8273
   1.3376  -2.6043  -1.7757
   1.2916  -2.5353  -1.7262
   1.2470  -2.4688  -1.6785
   1.2036  -2.4048  -1.6324
   1.1615  -2.3430  -1.5879
   1.1204  -2.2832  -1.5448
   1.0803  -2.2254  -1.5031
   1.0412  -2.1694  -1.4625
   1.0030  -2.1150  -1.4232
   0.9657  -2.0621  -1.3849
