   3.7400   1.7118
   3.7035   1.8100
   3.6643   1.9072
   3.6223   2.0036
   3.5776   2.0990
   3.5302   2.1933
   3.4802   2.2864
   3.4276   2.3783
   3.3723   2.4689
   3.3145   2.5581
   3.2542   2.6459
   3.1914   2.7321
   3.1262   2.8167
   3.0586   2.8996
   2.9886   2.9808
   2.9164   3.0601
   2.8419   3.1376
   2.7652   3.2130
   2.6864   3.2865
   2.6055   3.3579
   2.5226   3.4271
   2.4377   3.4941
   2.3509   3.5588
   2.2623   3.6212
   2.1720   3.6813
   2.0799   3.7389
   1.9862   3.7940
   1.8910   3.8466
   1.7943   3.8966
   1.6962   3.9440
   1.5967   3.9888
   1.4960   4.0308
   1.3941   4.0701
   1.2912   4.1066
   1.1872   4.1404
   1.0822   4.1713
   0.9765   4.1993
   0.8699   4.2244
   0.7627   4.2467
   0.6549   4.2660
   0.5465   4.2824
   0.4377   4.2958
   0.3286   4.3062
   0.2192   4.3137
   0.1096   4.3182
  -5.2318e-15   4.3197e+00
  -0.1096   4.3182
  -0.2192   4.3137
  -0.3286   4.3062
  -0.4377   4.2958
  -0.5465   4.2824
  -0.6549   4.2660
  -0.7627   4.2467
  -0.8699   4.2244
  -0.9765   4.1993
  -1.0822   4.1713
  -1.1872   4.1404
  -1.2912   4.1066
  -1.3941   4.0701
  -1.4960   4.0308
  -1.5967   3.9888
  -1.6962   3.9440
  -1.7943   3.8966
  -1.8910   3.8466
  -1.9862   3.7940
  -2.0799   3.7389
  -2.1720   3.6813
  -2.2623   3.6212
  -2.3509   3.5588
  -2.4377   3.4941
  -2.5226   3.4271
  -2.6055   3.3579
  -2.6864   3.2865
  -2.7652   3.2130
  -2.8419   3.1376
  -2.9164   3.0601
  -2.9886   2.9808
  -3.0586   2.8996
  -3.1262   2.8167
  -3.1914   2.7321
  -3.2542   2.6459
  -3.3145   2.5581
  -3.3723   2.4689
  -3.4276   2.3783
  -3.4802   2.2864
  -3.5302   2.1933
  -3.5776   2.0990
  -3.6223   2.0036
  -3.6643   1.9072
  -3.7035   1.8100
