   3.056900194743e-02   1.438263878745e-02   6.130305056948e-03
   4.140695582299e+00  -6.852291536679e+00  -4.386738432719e+00
  -1.540391516361e-02   4.001014412231e-02   2.676390625873e-01
   3.202083311550e-01  -3.664648837927e-01  -5.707191455050e-01
  -5.551103503196e-02   1.552461937002e-01   1.421787552931e-01
   3.339067719553e-01  -4.680925390465e-01  -3.892969386444e-01
  -6.299689626589e-02   1.713370868984e-01   1.282713369530e-01
   3.284765670866e-01  -4.675772550222e-01  -3.619839004184e-01
  -6.620543943440e-02   1.766675547782e-01   1.295513066916e-01
   3.217976008312e-01  -4.576613660167e-01  -3.518377661981e-01
  -6.886121425916e-02   1.806376556032e-01   1.324051333963e-01
   3.155417743380e-01  -4.476474151912e-01  -3.441673985615e-01
  -7.133972599929e-02   1.842989872977e-01   1.353068879264e-01
   3.098125493317e-01  -4.384051914044e-01  -3.373260722088e-01
  -7.369066677151e-02   1.877798341953e-01   1.380936765600e-01
   3.045615851171e-01  -4.299306621737e-01  -3.310687199617e-01
  -7.592742638100e-02   1.911035878853e-01   1.407550089850e-01
   2.997339900888e-01  -4.221421986171e-01  -3.253115670427e-01
  -7.805838758837e-02   1.942808573175e-01   1.432966862334e-01
   2.952820205763e-01  -4.149627250010e-01  -3.199971577525e-01
  -8.009054985022e-02   1.973200149052e-01   1.457255969467e-01
   2.911650265077e-01  -4.083260341198e-01  -3.150780867210e-01
  -8.203007791882e-02   2.002285123178e-01   1.480481231611e-01
   2.873482546351e-01  -4.021755053263e-01  -3.105138996812e-01
  -8.388247843319e-02   2.030131285231e-01   1.502700595957e-01
   2.838017917216e-01  -3.964624378674e-01  -3.062697130365e-01
  -8.565271087928e-02   2.056800783134e-01   1.523966845812e-01
   2.804997210362e-01  -3.911446704583e-01  -3.023152402373e-01
  -8.734527279518e-02   2.082350904735e-01   1.544328328353e-01
   2.774194518951e-01  -3.861854797491e-01  -2.986240294123e-01
  -8.896426795692e-02   2.106834709876e-01   1.563829564735e-01
   2.745411826400e-01  -3.815526983852e-01  -2.951728522217e-01
  -9.051346168938e-02   2.130301553411e-01   1.582511752636e-01
   2.718474667508e-01  -3.772180031057e-01  -2.919412087087e-01
  -9.199632613472e-02   2.152797521686e-01   1.600413181799e-01
   2.693228593919e-01  -3.731563353533e-01  -2.889109228068e-01
  -9.341607758888e-02   2.174365799028e-01   1.617569579821e-01
   2.669536272735e-01  -3.693454260843e-01  -2.860658094343e-01
  -9.477570751531e-02   2.195046977214e-01   1.634014401743e-01
   2.647275087890e-01  -3.657654032422e-01  -2.833913986138e-01
  -9.607800847831e-02   2.214879318171e-01   1.649779074020e-01
   2.626335144037e-01  -3.623984653442e-01  -2.808747053740e-01
  -9.732559596434e-02   2.233898978139e-01   1.664893201268e-01
   2.606617595115e-01  -3.592286083558e-01  -2.785040366815e-01
  -9.852092685319e-02   2.252140199905e-01   1.679384742426e-01
   2.588033236680e-01  -3.562413958188e-01  -2.762688285280e-01
  -9.966631514269e-02   2.269635478493e-01   1.693280161679e-01
   2.570501313953e-01  -3.534237643262e-01  -2.741595077359e-01
  -1.007639454096e-01   2.286415704663e-01   1.706604558423e-01
   2.553948507359e-01  -3.507638580623e-01  -2.721673741458e-01
  -1.018158843948e-01   2.302510289812e-01   1.719381779788e-01
   2.538308064990e-01  -3.482508873842e-01  -2.702844997073e-01
  -1.028240910257e-01   2.317947275219e-01   1.731634518537e-01
   2.523519057326e-01  -3.458750073983e-01  -2.685036416654e-01
  -1.037904251340e-01   2.332753428076e-01   1.743384398692e-01
   2.509525734258e-01  -3.436272132562e-01  -2.668181675559e-01
  -1.047166550744e-01   2.346954326319e-01   1.754652050814e-01
   2.496276968089e-01  -3.414992494964e-01  -2.652219901485e-01
  -1.056044644190e-01   2.360574433944e-01   1.765457178506e-01
   2.483725769174e-01  -3.394835312442e-01  -2.637095108011e-01
  -1.064554578689e-01   2.373637168211e-01   1.775818617487e-01
   2.471828863161e-01  -3.375730754650e-01  -2.622755699620e-01
  -1.072711664996e-01   2.386164959913e-01   1.785754388317e-01
   2.460546320722e-01  -3.357614407784e-01  -2.609154037680e-01
  -1.080530524390e-01   2.398179307708e-01   1.795281743704e-01
   2.449841232169e-01  -3.340426745900e-01  -2.596246058641e-01
  -1.088025130608e-01   2.409700827321e-01   1.804417211167e-01
   2.439679420605e-01  -3.324112665032e-01  -2.583990937097e-01
  -1.095208847602e-01   2.420749296351e-01   1.813176631687e-01
   2.430029188278e-01  -3.308621071393e-01  -2.572350787571e-01
  -1.102094463705e-01   2.431343695241e-01   1.821575194923e-01
   2.420861091643e-01  -3.293904516316e-01  -2.561290399796e-01
  -1.108694222698e-01   2.441502244948e-01   1.829627471418e-01
   2.412147741320e-01  -3.279918871728e-01  -2.550777003094e-01
  -1.115019852174e-01   2.451242441708e-01   1.837347442215e-01
   2.403863623729e-01  -3.266623040877e-01  -2.540780056101e-01
  -1.121082589559e-01   2.460581089276e-01   1.844748526203e-01
   2.395984941631e-01  -3.253978699823e-01  -2.531271058631e-01
  -1.126893206081e-01   2.469534328947e-01   1.851843605471e-01
   2.388489471229e-01  -3.241950065840e-01  -2.522223382941e-01
  -1.132462028938e-01   2.478117667614e-01   1.858645048915e-01
   2.381356433803e-01  -3.230503689453e-01  -2.513612122041e-01
  -1.137798961878e-01   2.486346004090e-01   1.865164734302e-01
   2.374566380134e-01  -3.219608267242e-01  -2.505413953025e-01
  -1.142913504380e-01   2.494233653886e-01   1.871414068958e-01
   2.368101086220e-01  -3.209234473000e-01  -2.497607013660e-01
  -1.147814769577e-01   2.501794372607e-01   1.877404009239e-01
   2.361943458980e-01  -3.199354805091e-01  -2.490170790715e-01
  -1.152511501083e-01   2.509041378107e-01   1.883145078907e-01
   2.356077450814e-01  -3.189943448201e-01  -2.483086018716e-01
  -1.157012088804e-01   2.515987371519e-01   1.888647386522e-01
   2.350487982032e-01  -3.180976147848e-01  -2.476334587968e-01
  -1.161324583866e-01   2.522644557276e-01   1.893920641936e-01
   2.345160870304e-01  -3.172430096285e-01  -2.469899460847e-01
  -1.165456712721e-01   2.529024662190e-01   1.898974171985e-01
   2.340082766368e-01  -3.164283828548e-01  -2.463764595464e-01
  -1.169415890519e-01   2.535138953689e-01   1.903816935442e-01
   2.335241095338e-01  -3.156517127597e-01  -2.457914875951e-01
  -1.173209233807e-01   2.540998257261e-01   1.908457537282e-01
   2.330624003042e-01  -3.149110937589e-01  -2.452336048674e-01
  -1.176843572607e-01   2.546612973179e-01   1.912904242325e-01
