   4.0132   2.3130
   3.9611   2.4077
   3.9068   2.5013
   3.8502   2.5936
   3.7914   2.6845
   3.7304   2.7741
   3.6672   2.8622
   3.6018   2.9488
   3.5344   3.0339
   3.4649   3.1174
   3.3934   3.1992
   3.3199   3.2793
   3.2444   3.3577
   3.1671   3.4342
   3.0878   3.5090
   3.0068   3.5818
   2.9241   3.6527
   2.8396   3.7216
   2.7534   3.7885
   2.6657   3.8533
   2.5763   3.9160
   2.4855   3.9766
   2.3932   4.0350
   2.2995   4.0912
   2.2044   4.1451
   2.1080   4.1968
   2.0104   4.2461
   1.9117   4.2931
   1.8117   4.3377
   1.7108   4.3799
   1.6088   4.4197
   1.5059   4.4571
   1.4020   4.4919
   1.2974   4.5243
   1.1920   4.5542
   1.0859   4.5815
   0.9791   4.6062
   0.8718   4.6284
   0.7639   4.6481
   0.6556   4.6651
   0.5470   4.6795
   0.4380   4.6913
   0.3287   4.7005
   0.2192   4.7071
   0.1097   4.7111
   1.7789e-06   4.7124e+00
  -0.1096   4.7111
  -0.2192   4.7071
  -0.3287   4.7005
  -0.4380   4.6913
  -0.5470   4.6795
  -0.6556   4.6651
  -0.7639   4.6481
  -0.8718   4.6284
  -0.9791   4.6062
  -1.0859   4.5815
  -1.1920   4.5542
  -1.2974   4.5243
  -1.4020   4.4919
  -1.5059   4.4571
  -1.6088   4.4197
  -1.7108   4.3799
  -1.8117   4.3377
  -1.9117   4.2931
  -2.0104   4.2461
  -2.1080   4.1968
  -2.2044   4.1451
  -2.2995   4.0912
  -2.3932   4.0350
  -2.4855   3.9766
  -2.5763   3.9160
  -2.6657   3.8533
  -2.7534   3.7885
  -2.8396   3.7216
  -2.9241   3.6527
  -3.0068   3.5818
  -3.0878   3.5090
  -3.1670   3.4342
  -3.2444   3.3577
  -3.3198   3.2793
  -3.3934   3.1992
  -3.4649   3.1174
  -3.5344   3.0339
  -3.6018   2.9488
  -3.6672   2.8622
  -3.7304   2.7741
  -3.7914   2.6845
  -3.8502   2.5936
  -3.9068   2.5013
  -3.9611   2.4077
  -4.0132   2.3130
