   0.6364  -0.6364
   0.6088  -0.5792
   0.5796  -0.5190
   0.5488  -0.4558
   0.5161  -0.3893
   0.4816  -0.3194
   0.4451  -0.2458
   0.4064  -0.1682
   0.3655  -0.0864
   3.2216e-01   1.5624e-06
   0.2762   0.0913
   0.2275   0.1878
   0.1758   0.2901
   0.1208   0.3985
   0.0623   0.5138
  -1.0363e-07   6.3640e-01
  -0.0665   0.7671
  -0.1377   0.9068
  -0.2139   1.0563
  -0.2957   1.2168
  -0.3838   1.3894
  -0.4788   1.5758
  -0.5817   1.7775
  -0.6934   1.9966
  -0.8152   2.2356
  -0.9485   2.4974
  -1.0951   2.7854
  -1.2571   3.1040
  -1.4372   3.4585
  -1.6387   3.8556
  -1.8658   4.3036
  -2.1240   4.8135
  -2.4202   5.3993
  -2.7640   6.0799
  -3.1682   6.8812
  -3.6509   7.8391
  -4.2381   9.0057
   -4.9688   10.4592
   -5.9044   12.3224
   -7.1473   14.7998
   -8.8817   18.2597
  -11.4757   23.4389
  -15.7889   32.0562
  -24.3994   49.2681
  -5.0199e+01   1.0086e+02
  -3.1788e+06   6.3577e+06
   5.2900e+01  -1.0536e+02
   27.0987  -53.7675
   18.4866  -36.5535
   14.1714  -27.9337
   11.5749  -22.7513
    9.8375  -19.2875
    8.5911  -16.8057
    7.6513  -14.9374
    6.9159  -13.4780
    6.3236  -12.3049
    5.8352  -11.3398
    5.4247  -10.5307
   5.0741  -9.8416
   4.7705  -9.2466
   4.5045  -8.7269
   4.2690  -8.2684
   4.0586  -7.8601
   3.8690  -7.4938
   3.6971  -7.1627
   3.5400  -6.8615
   3.3957  -6.5859
   3.2624  -6.3325
   3.1386  -6.0983
   3.0232  -5.8808
   2.9151  -5.6781
   2.8135  -5.4885
   2.7177  -5.3104
   2.6270  -5.1426
   2.5409  -4.9841
   2.4588  -4.8339
   2.3806  -4.6912
   2.3057  -4.5553
   2.2338  -4.4256
   2.1647  -4.3014
   2.0982  -4.1824
   2.0341  -4.0681
   1.9721  -3.9582
   1.9120  -3.8522
   1.8538  -3.7498
   1.7973  -3.6509
   1.7424  -3.5551
   1.6889  -3.4623
   1.6368  -3.3722
   1.5860  -3.2846
   1.5364  -3.1994
