ARMA_MAT_TXT_FN008
10 8
   0.000000000000e+00   0.000000000000e+00   0.000000000000e+00   0.000000000000e+00   0.000000000000e+00   0.000000000000e+00   0.000000000000e+00   0.000000000000e+00
   5.000000000000e-01   1.000000000000e+01   1.256636000000e+00   2.513272000000e+00   5.026544000000e+00   2.513272000000e+00   5.026544000000e+00   1.005308800000e+01
   1.250000000000e+00   1.200000000000e+01   1.507963200000e+00   3.351029333333e-01  -2.904225422222e+00   3.015926400000e+00   6.702058666667e-01  -5.808450844444e+00
   1.500000000000e+00   1.500000000000e+01   1.884954000000e+00   1.507963200000e+00   4.691441066667e+00   3.769908000000e+00   3.015926400000e+00   9.382882133333e+00
   2.000000000000e+00   2.500000000000e+01   3.141590000000e+00   2.513272000000e+00   2.010617600000e+00   6.283180000000e+00   5.026544000000e+00   4.021235200000e+00
   2.750000000000e+00   7.500000000000e+01   9.424770000000e+00   8.377573333333e+00   7.819068444444e+00   1.884954000000e+01   1.675514666667e+01   1.563813688889e+01
   3.500000000000e+00   1.200000000000e+02   1.507963200000e+01   7.539816000000e+00  -1.117009777778e+00   3.015926400000e+01   1.507963200000e+01  -2.234019555556e+00
   4.500000000000e+00   1.220000000000e+02   1.533095920000e+01   2.513272000000e-01  -7.288488800000e+00   3.066191840000e+01   5.026544000000e-01  -1.457697760000e+01
   5.000000000000e+00   1.250000000000e+02   1.570795000000e+01   7.539816000000e-01   1.005308800000e+00   3.141590000000e+01   1.507963200000e+00   2.010617600000e+00
   7.250000000000e+00   1.250000000000e+02   1.570795000000e+01   0.000000000000e+00  -3.351029333333e-01   3.141590000000e+01   0.000000000000e+00  -6.702058666667e-01
