0.142921	0.1
0.13457	0.2
0.124421	0.3
0.112717	0.4
0.099714	0.5
0.085679	0.6
0.0708829	0.7
0.0555975	0.8
0.04009	0.9
0.0246198	1
0.00943426	1.1
-0.0052349	1.2
-0.0191743	1.3
-0.0321919	1.4
-0.0441187	1.5
-0.0548108	1.6
-0.0641505	1.7
-0.072047	1.8
-0.0784369	1.9
-0.0832835	2
-0.0865767	2.1
-0.0883321	2.2
-0.0885889	2.3
-0.0874091	2.4
-0.0848747	2.5
-0.0810862	2.6
-0.0761597	2.7
-0.0702246	2.8
-0.0634207	2.9
-0.0558957	3
-0.0478025	3.1
-0.0392963	3.2
-0.0305321	3.3
-0.0216623	3.4
-0.0128342	3.5
-0.00418806	3.6
0.004145	3.7
0.0120447	3.8
0.019403	3.9
0.0261253	4
0.0321315	4.1
0.0373563	4.2
0.0417502	4.3
0.045279	4.4
0.047924	4.5
0.0496814	4.6
0.0505622	4.7
0.0505907	4.8
0.0498039	4.9
0.0482503	5
0.0459888	5.1
0.0430868	5.2
0.0396193	5.3
0.0356668	5.4
0.0313144	5.5
0.0266496	5.6
0.0217613	5.7
0.016738	5.8
0.0116664	5.9
0.00663023	6
0.00170899	6.1
-0.0030232	6.2
-0.00749852	6.3
-0.0116563	6.4
-0.0154435	6.5
-0.0188156	6.6
-0.0217366	6.7
-0.0241793	6.8
-0.0261255	6.9
-0.0275656	7
-0.0284989	7.1
-0.0289326	7.2
-0.0288816	7.3
-0.0283682	7.4
-0.0274209	7.5
-0.0260741	7.6
-0.024367	7.7
-0.022343	7.79999
-0.0200485	7.89999
-0.0175324	7.99999
-0.014845	8.09999
-0.0120369	8.2
-0.00915868	8.3
-0.00625976	8.4
-0.00338768	8.5
-0.000587474	8.6
0.00209897	8.7
0.00463343	8.8
0.00698181	8.9
0.00911452	9
0.0110067	9.1
0.0126386	9.2
0.0139953	9.3
0.0150671	9.4
0.0158493	9.5
0.016342	9.6
0.0165502	9.7
0.0164828	9.8
0.0161533	9.9
0.0155783	10
0.0147779	10.1
0.013775	10.2
0.0125946	10.3
0.0112635	10.4
0.00980972	10.5
0.00826206	10.6
0.00664957	10.7
0.00500104	10.8
0.00334458	10.9
0.00170719	11
0.000114381	11.1
-0.00141018	11.2
-0.00284496	11.3
-0.00417084	11.4
-0.00537126	11.5
-0.00643244	11.6
-0.00734342	11.7
-0.00809616	11.8
-0.0086855	11.9
-0.00910916	12
-0.00936761	12.1
-0.00946396	12.2
-0.0094038	12.3
-0.00919497	12.4
-0.00884738	12.5
-0.00837273	12.6
-0.00778424	12.7
-0.0070964	12.8
-0.00632465	12.9
-0.00548508	13
-0.00459421	13.1
-0.00366861	13.2
-0.00272471	13.3
-0.00177851	13.4
-0.000845324	13.5
6.04002e-05	13.6
0.000925299	13.7
0.00173725	13.8
0.00248552	13.9
0.00316087	14
0.00375565	14.1
0.00426383	14.2
0.00468103	14.3
0.00500456	14.4
0.00523333	14.5
0.00536783	14.6
0.00541004	14.7
0.00536334	14.8
0.0052324	14.9
0.00502303	15
0.00474206	15.1
0.00439714	15.2
0.00399665	15.3
0.00354948	15.4
0.00306487	15.5
0.00255227	15.6
0.00202116	15.7
0.0014809	15.8
0.000940581	15.9
0.000408906	16
-0.000105953	16.1
-0.000596452	16.2
-0.00105577	16.3
-0.00147789	16.4
-0.00185766	16.5
-0.00219082	16.6
-0.00247408	16.7
-0.00270506	16.8
-0.00288235	16.9
-0.00300546	17
-0.0030748	17.1
-0.00309161	17.2
-0.00305794	17.3
-0.00297655	17.4
-0.00285084	17.5
-0.0026848	17.6
-0.00248286	17.7
-0.00224986	17.8
-0.00199091	17.9
-0.00171132	18
-0.00141649	18.1
-0.00111185	18.2
-0.000802726	18.3
-0.000494286	18.4
-0.000191465	18.5
0.000101112	18.6
0.000379187	18.7
0.000638926	18.8
0.000876954	18.9
0.0010904	19
0.00127691	19.1
0.00143466	19.2
0.00156239	19.3
0.00165936	19.4
0.00172536	19.5
0.0017607	19.6
0.00176615	19.7
0.00174295	19.8
0.00169272	19.9
0.00161746	20
0.00151949	20.1
0.00140139	20.2
0.00126593	20.3
0.00111606	20.4
0.000954829	20.5
0.00078533	20.6
0.000610652	20.7
0.000433836	20.8
0.000257819	20.9
8.53997e-05	21
-8.08072e-05	21.1
-0.0002384	21.2
-0.000385223	21.3
-0.000519387	21.4
-0.00063929	21.5
-0.000743631	21.6
-0.000831415	21.7
-0.000901959	21.8
-0.000954886	21.9
-0.000990119	22
-0.00100787	22.1
-0.00100863	22.2
-0.000993117	22.3
-0.000962312	22.4
-0.000917378	22.5
-0.00085966	22.6
-0.000790651	22.7001
-0.000711956	22.8001
-0.000625268	22.9001
-0.000532334	23.0001
-0.000434924	23.1001
-0.000334802	23.2001
-0.000233699	23.3001
-0.000133284	23.4001
-3.51436e-05	23.5001
5.92442e-05	23.6001
0.000148525	23.7001
0.000231488	23.8001
0.000307076	23.9001
0.000374396	24.0001
0.00043273	24.1001
0.000481535	24.2001
0.000520444	24.3001
0.000549266	24.4001
0.000567983	24.5001
0.000576737	24.6001
0.000575826	24.7001
0.00056569	24.8001
0.000546898	24.9001
0.000520133	25.0001
0.000486176	25.1001
0.000445891	25.2001
0.000400205	25.3001
0.000350089	25.4001
0.000296545	25.5001
0.000240586	25.6001
0.000183218	25.7001
0.000125427	25.8001
6.81603e-05	25.9001
1.23168e-05	26.0001
-4.12676e-05	26.1001
-9.18301e-05	26.2001
-0.00013869	26.3001
-0.000181257	26.4001
-0.000219034	26.5001
-0.000251624	26.6001
-0.000278732	26.7001
-0.000300162	26.8001
-0.000315819	26.9001
-0.000325706	27.0001
-0.000329917	27.1001
-0.000328634	27.2001
-0.00032212	27.3001
-0.00031071	27.4001
-0.000294802	27.5001
-0.000274851	27.6001
-0.000251355	27.7001
-0.000224849	27.8001
-0.000195891	27.9001
-0.000165055	28.0001
-0.000132921	28.1001
-0.000100062	28.2001
-6.70386e-05	28.3001
-3.43897e-05	28.4001
-2.62418e-06	28.5001
2.77858e-05	28.6001
5.64106e-05	28.7001
8.28682e-05	28.8001
0.000106828	28.9001
0.000128015	29.0001
0.00014621	29.1001
0.000161251	29.2001
0.000173036	29.3001
0.000181519	29.4001
0.000186707	29.5001
0.000188663	29.6001
0.000187497	29.7001
0.000183366	29.8001
0.000176466	29.9001
0.00016703	30.0001
0.000155322	30.1001
0.00014163	30.2001
0.000126262	30.3001
0.000109538	30.4001
9.17874e-05	30.5001
7.33412e-05	30.6001
5.45266e-05	30.7001
3.56625e-05	30.8001
1.70547e-05	30.9001
-1.00874e-06	31.0001
-1.82611e-05	31.1001
-3.44605e-05	31.2001
-4.93926e-05	31.3001
-6.28729e-05	31.4001
-7.47484e-05	31.5001
-8.48986e-05	31.6001
-9.32361e-05	31.7001
-9.97066e-05	31.8001
-0.000104288	31.9001
-0.00010699	32.0001
-0.000107851	32.1001
-0.00010694	32.2001
-0.000104347	32.3001
-0.00010019	32.4001
-9.46041e-05	32.5001
-8.77416e-05	32.6001
-7.97693e-05	32.7001
-7.08643e-05	32.8001
-6.1211e-05	32.9001
-5.09976e-05	33.0001
-4.04131e-05	33.1001
-2.9644e-05	33.2001
-1.88719e-05	33.3001
-8.27013e-06	33.4001
1.99821e-06	33.5001
1.17826e-05	33.6001
2.09468e-05	33.7001
2.93708e-05	33.8001
3.69516e-05	33.9001
4.36042e-05	34.0001
4.92626e-05	34.1001
5.38793e-05	34.2001
5.7426e-05	34.3
5.98927e-05	34.4
6.12872e-05	34.5
6.16342e-05	34.6
6.09743e-05	34.7
5.93624e-05	34.8
5.68662e-05	34.9
5.3565e-05	35
4.95472e-05	35.1
4.49089e-05	35.2
3.97522e-05	35.3
3.41828e-05	35.4
2.83085e-05	35.5
2.22372e-05	35.6
1.60752e-05	35.7
9.92573e-06	35.8
3.88715e-06	35.9
-1.94827e-06	36
-7.49557e-06	36.1
-1.26782e-05	36.2
-1.74288e-05	36.3
-2.16899e-05	36.4
-2.54145e-05	36.5
-2.85663e-05	36.6
-3.11199e-05	36.7
-3.30603e-05	36.8
-3.43835e-05	36.9
-3.50952e-05	37
-3.52109e-05	37.1
-3.4755e-05	37.2
-3.376e-05	37.3
-3.22655e-05	37.4
-3.03177e-05	37.5
-2.79678e-05	37.6
-2.52713e-05	37.7
-2.22868e-05	37.8
-1.90751e-05	37.9
-1.56978e-05	38
-1.22165e-05	38.1
-8.69182e-06	38.2
-5.18241e-06	38.3
-1.74403e-06	38.4
1.57111e-06	38.5
4.71511e-06	38.6
7.64489e-06	38.7
1.03228e-05	38.8
1.27167e-05	38.9
1.48007e-05	39
1.65549e-05	39.1
1.79655e-05	39.2
1.9025e-05	39.3
1.97317e-05	39.4
2.00899e-05	39.5
2.01091e-05	39.6
1.98039e-05	39.7
1.91935e-05	39.8
1.83011e-05	39.9
1.71535e-05	40
1.57805e-05	40.1
1.42139e-05	40.2
1.24876e-05	40.3
1.06363e-05	40.4
8.69537e-06	40.5
6.69992e-06	40.6
4.68448e-06	40.7
2.68234e-06	40.7999
7.25144e-07	40.8999
-1.1576e-06	40.9999
-2.93887e-06	41.0999
-4.59448e-06	41.1999
-6.10332e-06	41.2999
-7.44756e-06	41.3999
-8.61282e-06	41.4999
-9.58824e-06	41.5999
-1.03665e-05	41.6999
-1.09436e-05	41.7999
-1.13194e-05	41.8999
-1.14964e-05	41.9999
-1.14807e-05	42.0999
-1.1281e-05	42.1999
-1.09085e-05	42.2999
-1.03769e-05	42.3999
-9.70176e-06	42.4999
-8.90022e-06	42.5999
-7.99074e-06	42.6999
-6.99272e-06	42.7999
-5.9261e-06	42.8999
-4.81106e-06	42.9999
-3.66768e-06	43.0999
-2.5156e-06	43.1999
-1.37374e-06	43.2999
-2.60013e-07	43.3999
8.08887e-07	43.4999
1.81774e-06	43.5999
2.75295e-06	43.6999
3.60272e-06	43.7999
4.35713e-06	43.8999
5.00824e-06	43.9999
5.55012e-06	44.0999
5.97886e-06	44.1999
6.29253e-06	44.2999
6.49115e-06	44.3999
6.5766e-06	44.4999
6.55247e-06	44.5999
6.42398e-06	44.6999
6.19778e-06	44.7999
5.88181e-06	44.8999
5.48511e-06	44.9999
