ARMA_MAT_TXT_FN008
270 4
   5.000000000000e+01   1.003075640523e-01   0.000000000000e+00   6.711492718667e+01
   5.087262032198e+01   1.005297837848e-01   2.000000000000e+00   6.750498006118e+01
   5.174497483535e+01   1.007357842361e-01   4.000000000000e+00   6.785580593888e+01
   5.261679781249e+01   1.009281033444e-01   6.000000000000e+00   6.817366854600e+01
   5.348782368766e+01   1.011090539597e-01   8.000000000000e+00   6.846395322510e+01
   5.435778713795e+01   1.012807120739e-01   1.000000000000e+01   6.873122680850e+01
   5.522642316406e+01   1.014449076594e-01   1.200000000000e+01   6.897929835456e+01
   5.609346717105e+01   1.016032182196e-01   1.400000000000e+01   6.921127964611e+01
   5.695865504891e+01   1.017569651284e-01   1.600000000000e+01   6.942964531889e+01
   5.782172325302e+01   1.019072128027e-01   1.800000000000e+01   6.963629306556e+01
   5.868240888447e+01   1.020547707245e-01   2.000000000000e+01   6.983260459808e+01
   5.954044977006e+01   1.022001982915e-01   2.200000000000e+01   7.001950800835e+01
   6.039558454223e+01   1.023438124479e-01   2.400000000000e+01   7.019754190721e+01
   6.124755271864e+01   1.024856980104e-01   2.600000000000e+01   7.036692130812e+01
   6.209609478153e+01   1.026257205730e-01   2.800000000000e+01   7.052760471624e+01
   6.294095225678e+01   1.027635418454e-01   3.000000000000e+01   7.067936134575e+01
   6.378186779260e+01   1.028986372446e-01   3.200000000000e+01   7.082183687528e+01
   6.461858523799e+01   1.030303155352e-01   3.400000000000e+01   7.095461571822e+01
   6.545084972070e+01   1.031577402855e-01   3.600000000000e+01   7.107727748173e+01
   6.627840772490e+01   1.032799528814e-01   3.800000000000e+01   7.118944515965e+01
   6.710100716842e+01   1.033958968217e-01   4.000000000000e+01   7.129082268556e+01
   6.791839747950e+01   1.035044429961e-01   4.200000000000e+01   7.138121978400e+01
   6.873032967312e+01   1.036044156375e-01   4.400000000000e+01   7.146056260629e+01
   6.953655642688e+01   1.036946186242e-01   4.600000000000e+01   7.152888940524e+01
   7.033683215629e+01   1.037738618038e-01   4.800000000000e+01   7.158633145370e+01
   7.113091308962e+01   1.038409870053e-01   5.000000000000e+01   7.163308048322e+01
   7.191855734212e+01   1.038948934097e-01   5.200000000000e+01   7.166934503041e+01
   7.269952498972e+01   1.039345619499e-01   5.400000000000e+01   7.169529913313e+01
   7.347357814211e+01   1.039590784259e-01   5.600000000000e+01   7.171102771321e+01
   7.424048101521e+01   1.039676550298e-01   5.800000000000e+01   7.171647361516e+01
   7.500000000296e+01   1.039596499960e-01   6.000000000000e+01   7.171139155478e+01
   7.575190374853e+01   1.039345851120e-01   6.200000000000e+01   7.169531410546e+01
   7.649596321475e+01   1.038921608507e-01   6.400000000000e+01   7.166753428494e+01
   7.723195175390e+01   1.038322689140e-01   6.600000000000e+01   7.162710831493e+01
   7.795964517675e+01   1.037550020082e-01   6.800000000000e+01   7.157288076636e+01
   7.867882182082e+01   1.036606607073e-01   7.000000000000e+01   7.150353267032e+01
   7.938926261794e+01   1.035497572951e-01   7.200000000000e+01   7.141765139913e+01
   8.009075116097e+01   1.034230165179e-01   7.400000000000e+01   7.131381935305e+01
   8.078307376969e+01   1.032813732157e-01   7.600000000000e+01   7.119071688275e+01
   8.146601955595e+01   1.031259668440e-01   7.800000000000e+01   7.104723357983e+01
   8.213938048782e+01   1.029581329368e-01   8.000000000000e+01   7.088258119782e+01
   8.280295145305e+01   1.027793916028e-01   8.200000000000e+01   7.069640110202e+01
   8.345653032150e+01   1.025914331852e-01   8.400000000000e+01   7.048885932009e+01
   8.409991800671e+01   1.023961012581e-01   8.600000000000e+01   7.026072295641e+01
   8.473291852656e+01   1.021953731620e-01   8.800000000000e+01   7.001341287375e+01
   8.535533906295e+01   1.019913383228e-01   9.000000000000e+01   6.974902902693e+01
   8.596699002057e+01   1.017861746250e-01   9.200000000000e+01   6.947034652016e+01
   8.656768508461e+01   1.015821231387e-01   9.400000000000e+01   6.918078220468e+01
   8.715724127753e+01   1.013814615267e-01   9.600000000000e+01   6.888433329287e+01
   8.773547901480e+01   1.011864764760e-01   9.800000000000e+01   6.858549091331e+01
   8.830222215961e+01   1.009994355133e-01   1.000000000000e+02   6.828913267483e+01
   8.885729807651e+01   1.008225585794e-01   1.020000000000e+02   6.800039908615e+01
   8.940053768398e+01   1.006579897379e-01   1.040000000000e+02   6.772455907642e+01
   8.993177550600e+01   1.005077694009e-01   1.060000000000e+02   6.746686989876e+01
   9.045084972236e+01   1.003738074460e-01   1.080000000000e+02   6.723243642747e+01
   9.095760221804e+01   1.002578575935e-01   1.100000000000e+02   6.702607435586e+01
   9.145187863132e+01   1.001614933974e-01   1.120000000000e+02   6.685218115264e+01
   9.193352840081e+01   1.000860861858e-01   1.140000000000e+02   6.671461793269e+01
   9.240240481132e+01   1.000327852637e-01   1.160000000000e+02   6.661660472356e+01
   9.285836503857e+01   1.000025006619e-01   1.180000000000e+02   6.656063102832e+01
   9.330127019264e+01   9.999588868802e-02   1.200000000000e+02   6.654838314271e+01
   9.373098536034e+01   1.000133404953e-01   1.220000000000e+02   6.658068939568e+01
   9.414737964626e+01   1.000549738519e-01   1.240000000000e+02   6.665748434060e+01
   9.455032621268e+01   1.001206282494e-01   1.260000000000e+02   6.677779289446e+01
   9.493970231816e+01   1.002098634451e-01   1.280000000000e+02   6.693973545134e+01
   9.531538935496e+01   1.003219614931e-01   1.300000000000e+02   6.714055501515e+01
   9.567727288519e+01   1.004559322671e-01   1.320000000000e+02   6.737666732894e+01
   9.602524267561e+01   1.006105224365e-01   1.340000000000e+02   6.764373475072e+01
   9.635919273124e+01   1.007842278096e-01   1.360000000000e+02   6.793676417420e+01
   9.667902132768e+01   1.009753089137e-01   1.380000000000e+02   6.825022857413e+01
   9.698463104202e+01   1.011818096367e-01   1.400000000000e+02   6.857821075596e+01
   9.727592878260e+01   1.014015787168e-01   1.420000000000e+02   6.891456662873e+01
   9.755282581729e+01   1.016322938243e-01   1.440000000000e+02   6.925310386008e+01
   9.781523780058e+01   1.018714879463e-01   1.460000000000e+02   6.958777021404e+01
   9.806308479924e+01   1.021165777542e-01   1.480000000000e+02   6.991284435447e+01
   9.829629131667e+01   1.023648936024e-01   1.500000000000e+02   7.022312058444e+01
   9.851478631589e+01   1.026137107880e-01   1.520000000000e+02   7.051407806267e+01
   9.871850324124e+01   1.028602816795e-01   1.540000000000e+02   7.078202466504e+01
   9.890738003854e+01   1.031018683114e-01   1.560000000000e+02   7.102420598799e+01
   9.908135917410e+01   1.033357750323e-01   1.580000000000e+02   7.123887111604e+01
   9.924038765219e+01   1.035593807927e-01   1.600000000000e+02   7.142528872707e+01
   9.938441703120e+01   1.037701706622e-01   1.620000000000e+02   7.158370982822e+01
   9.951340343838e+01   1.039657661716e-01   1.640000000000e+02   7.171527675822e+01
   9.962730758322e+01   1.041439540935e-01   1.660000000000e+02   7.182188182678e+01
   9.972609476941e+01   1.043027132908e-01   1.680000000000e+02   7.190598278792e+01
   9.980973490543e+01   1.044402392879e-01   1.700000000000e+02   7.197038591748e+01
   9.987820251367e+01   1.045549662486e-01   1.720000000000e+02   7.201801043119e+01
   9.993147673825e+01   1.046455860765e-01   1.740000000000e+02   7.205165001669e+01
   9.996954135130e+01   1.047110643909e-01   1.760000000000e+02   7.207374810688e+01
   9.999238475800e+01   1.047506531733e-01   1.780000000000e+02   7.208620304354e+01
   1.000000000000e+02   1.047638999183e-01   1.800000000000e+02   7.209021744798e+01
   9.999238475764e+01   1.047506531727e-01   1.820000000000e+02   7.208620304335e+01
   9.996954135059e+01   1.047110643897e-01   1.840000000000e+02   7.207374810648e+01
   9.993147673717e+01   1.046455860747e-01   1.860000000000e+02   7.205165001605e+01
   9.987820251224e+01   1.045549662462e-01   1.880000000000e+02   7.201801043025e+01
   9.980973490364e+01   1.044402392849e-01   1.900000000000e+02   7.197038591618e+01
   9.972609476727e+01   1.043027132873e-01   1.920000000000e+02   7.190598278618e+01
   9.962730758072e+01   1.041439540895e-01   1.940000000000e+02   7.182188182455e+01
   9.951340343552e+01   1.039657661672e-01   1.960000000000e+02   7.171527675543e+01
   9.938441702799e+01   1.037701706574e-01   1.980000000000e+02   7.158370982482e+01
   9.924038764863e+01   1.035593807876e-01   2.000000000000e+02   7.142528872302e+01
   9.908135917019e+01   1.033357750269e-01   2.020000000000e+02   7.123887111133e+01
   9.890738003427e+01   1.031018683058e-01   2.040000000000e+02   7.102420598262e+01
   9.871850323662e+01   1.028602816738e-01   2.060000000000e+02   7.078202465904e+01
   9.851478631093e+01   1.026137107822e-01   2.080000000000e+02   7.051407805609e+01
   9.829629131136e+01   1.023648935965e-01   2.100000000000e+02   7.022312057736e+01
   9.806308479359e+01   1.021165777484e-01   2.120000000000e+02   6.991284434698e+01
   9.781523779459e+01   1.018714879406e-01   2.140000000000e+02   6.958777020627e+01
   9.755282581095e+01   1.016322938187e-01   2.160000000000e+02   6.925310385215e+01
   9.727592877592e+01   1.014015787115e-01   2.180000000000e+02   6.891456662078e+01
   9.698463103501e+01   1.011818096317e-01   2.200000000000e+02   6.857821074813e+01
   9.667902132033e+01   1.009753089090e-01   2.220000000000e+02   6.825022856657e+01
   9.635919272356e+01   1.007842278053e-01   2.240000000000e+02   6.793676416705e+01
   9.602524266759e+01   1.006105224326e-01   2.260000000000e+02   6.764373474411e+01
   9.567727287685e+01   1.004559322637e-01   2.280000000000e+02   6.737666732301e+01
   9.531538934629e+01   1.003219614902e-01   2.300000000000e+02   6.714055501000e+01
   9.493970230916e+01   1.002098634427e-01   2.320000000000e+02   6.693973544707e+01
   9.455032620337e+01   1.001206282475e-01   2.340000000000e+02   6.677779289113e+01
   9.414737963663e+01   1.000549738507e-01   2.360000000000e+02   6.665748433828e+01
   9.373098535040e+01   1.000133404946e-01   2.380000000000e+02   6.658068939440e+01
   9.330127018239e+01   9.999588868789e-02   2.400000000000e+02   6.654838314248e+01
   9.285836502800e+01   1.000025006624e-01   2.420000000000e+02   6.656063102913e+01
   9.240240480045e+01   1.000327852647e-01   2.440000000000e+02   6.661660472538e+01
   9.193352838964e+01   1.000860861874e-01   2.460000000000e+02   6.671461793547e+01
   9.145187861985e+01   1.001614933994e-01   2.480000000000e+02   6.685218115631e+01
   9.095760220628e+01   1.002578575960e-01   2.500000000000e+02   6.702607436034e+01
   9.045084971031e+01   1.003738074489e-01   2.520000000000e+02   6.723243643267e+01
   8.993177549366e+01   1.005077694042e-01   2.540000000000e+02   6.746686990456e+01
   8.940053767136e+01   1.006579897416e-01   2.560000000000e+02   6.772455908271e+01
   8.885729806360e+01   1.008225585834e-01   2.580000000000e+02   6.800039909280e+01
   8.830222214643e+01   1.009994355176e-01   2.600000000000e+02   6.828913268173e+01
   8.773547900135e+01   1.011864764805e-01   2.620000000000e+02   6.858549092033e+01
   8.715724126381e+01   1.013814615314e-01   2.640000000000e+02   6.888433329988e+01
   8.656768507062e+01   1.015821231434e-01   2.660000000000e+02   6.918078221159e+01
   8.596699000633e+01   1.017861746298e-01   2.680000000000e+02   6.947034652685e+01
   8.535533904845e+01   1.019913383276e-01   2.700000000000e+02   6.974902903332e+01
   8.473291851180e+01   1.021953731667e-01   2.720000000000e+02   7.001341287977e+01
   8.409991799171e+01   1.023961012628e-01   2.740000000000e+02   7.026072296200e+01
   8.345653030626e+01   1.025914331898e-01   2.760000000000e+02   7.048885932521e+01
   8.280295143757e+01   1.027793916071e-01   2.780000000000e+02   7.069640110665e+01
   8.213938047211e+01   1.029581329409e-01   2.800000000000e+02   7.088258120194e+01
   8.146601954001e+01   1.031259668478e-01   2.820000000000e+02   7.104723358345e+01
   8.078307375353e+01   1.032813732192e-01   2.840000000000e+02   7.119071688588e+01
   8.009075114459e+01   1.034230165210e-01   2.860000000000e+02   7.131381935571e+01
   7.938926260135e+01   1.035497572979e-01   2.880000000000e+02   7.141765140135e+01
   7.867882180402e+01   1.036606607097e-01   2.900000000000e+02   7.150353267214e+01
   7.795964515975e+01   1.037550020103e-01   2.920000000000e+02   7.157288076781e+01
   7.723195173670e+01   1.038322689157e-01   2.940000000000e+02   7.162710831603e+01
   7.649596319736e+01   1.038921608519e-01   2.960000000000e+02   7.166753428574e+01
   7.575190373095e+01   1.039345851128e-01   2.980000000000e+02   7.169531410597e+01
   7.499999998520e+01   1.039596499964e-01   3.000000000000e+02   7.171139155503e+01
   7.424048099727e+01   1.039676550297e-01   3.020000000000e+02   7.171647361516e+01
   7.347357812400e+01   1.039590784255e-01   3.040000000000e+02   7.171102771296e+01
   7.269952497144e+01   1.039345619491e-01   3.060000000000e+02   7.169529913264e+01
   7.191855732368e+01   1.038948934086e-01   3.080000000000e+02   7.166934502968e+01
   7.113091307103e+01   1.038409870039e-01   3.100000000000e+02   7.163308048225e+01
   7.033683213755e+01   1.037738618020e-01   3.120000000000e+02   7.158633145247e+01
   6.953655640800e+01   1.036946186222e-01   3.140000000000e+02   7.152888940376e+01
   6.873032965410e+01   1.036044156353e-01   3.160000000000e+02   7.146056260455e+01
   6.791839746035e+01   1.035044429936e-01   3.180000000000e+02   7.138121978200e+01
   6.710100714915e+01   1.033958968190e-01   3.200000000000e+02   7.129082268330e+01
   6.627840770551e+01   1.032799528786e-01   3.220000000000e+02   7.118944515714e+01
   6.545084970119e+01   1.031577402825e-01   3.240000000000e+02   7.107727747897e+01
   6.461858521838e+01   1.030303155321e-01   3.260000000000e+02   7.095461571522e+01
   6.378186777289e+01   1.028986372414e-01   3.280000000000e+02   7.082183687204e+01
   6.294095223697e+01   1.027635418422e-01   3.300000000000e+02   7.067936134229e+01
   6.209609476163e+01   1.026257205698e-01   3.320000000000e+02   7.052760471256e+01
   6.124755269865e+01   1.024856980071e-01   3.340000000000e+02   7.036692130424e+01
   6.039558452216e+01   1.023438124446e-01   3.360000000000e+02   7.019754190313e+01
   5.954044974992e+01   1.022001982881e-01   3.380000000000e+02   7.001950800407e+01
   5.868240886427e+01   1.020547707211e-01   3.400000000000e+02   6.983260459358e+01
   5.782172323277e+01   1.019072127992e-01   3.420000000000e+02   6.963629306083e+01
   5.695865502860e+01   1.017569651248e-01   3.440000000000e+02   6.942964531390e+01
   5.609346715069e+01   1.016032182160e-01   3.460000000000e+02   6.921127964082e+01
   5.522642314366e+01   1.014449076556e-01   3.480000000000e+02   6.897929834893e+01
   5.435778711752e+01   1.012807120699e-01   3.500000000000e+02   6.873122680246e+01
   5.348782366720e+01   1.011090539555e-01   3.520000000000e+02   6.846395321857e+01
   5.261679779201e+01   1.009281033400e-01   3.540000000000e+02   6.817366853888e+01
   5.174497481486e+01   1.007357842314e-01   3.560000000000e+02   6.785580593105e+01
   5.087262030147e+01   1.005297837798e-01   3.580000000000e+02   6.750498005250e+01
   4.999999997949e+01   1.003075640468e-01   3.600000000000e+02   6.711492717699e+01
   4.912737965751e+01   1.000663762512e-01   3.620000000000e+02   6.667844867971e+01
   4.825502514415e+01   9.980327733355e-02   3.640000000000e+02   6.618736220489e+01
   4.738320216703e+01   9.951514866189e-02   3.660000000000e+02   6.563246706948e+01
   4.651217629188e+01   9.919871667848e-02   3.680000000000e+02   6.500353300433e+01
   4.564221284162e+01   9.885057527207e-02   3.700000000000e+02   6.428932404938e+01
   4.477357681554e+01   9.846720964535e-02   3.720000000000e+02   6.347767208023e+01
   4.390653280859e+01   9.804502143571e-02   3.740000000000e+02   6.255561674693e+01
   4.304134493078e+01   9.758035483955e-02   3.760000000000e+02   6.150963017755e+01
   4.217827672672e+01   9.706952348502e-02   3.780000000000e+02   6.032594520428e+01
   4.131759109533e+01   9.650883779569e-02   3.800000000000e+02   5.899100464253e+01
   4.045955020981e+01   9.589463258864e-02   3.820000000000e+02   5.749204583764e+01
   3.960441543771e+01   9.522329465372e-02   3.840000000000e+02   5.581782889425e+01
   3.875244726138e+01   9.449129006724e-02   3.860000000000e+02   5.395950845094e+01
   3.790390519857e+01   9.369519100188e-02   3.880000000000e+02   5.191163747863e+01
   3.705904772341e+01   9.283170180603e-02   3.900000000000e+02   4.967327754514e+01
   3.621813218768e+01   9.189768413872e-02   3.920000000000e+02   4.724917378874e+01
   3.538141474240e+01   9.089018096172e-02   3.940000000000e+02   4.465093531689e+01
   3.454915025980e+01   8.980643920707e-02   3.960000000000e+02   4.189814407666e+01
   3.372159225570e+01   8.864393095645e-02   3.980000000000e+02   3.901929893485e+01
   3.289899281230e+01   8.740037298823e-02   4.000000000000e+02   3.605248850666e+01
   3.208160250135e+01   8.607374456814e-02   4.020000000000e+02   3.304567805722e+01
   3.126967030786e+01   8.466230338010e-02   4.040000000000e+02   3.005649441849e+01
   3.046344355424e+01   8.316459951494e-02   4.060000000000e+02   2.715139994994e+01
   2.966316782497e+01   8.157948745573e-02   4.080000000000e+02   2.440416334485e+01
   2.886908689179e+01   7.990613601914e-02   4.100000000000e+02   2.189356215803e+01
   2.808144263945e+01   7.814403623294e-02   4.120000000000e+02   1.970028913487e+01
   2.730047499201e+01   7.629300714902e-02   4.140000000000e+02   1.790308068624e+01
   2.652642183978e+01   7.435319961061e-02   4.160000000000e+02   1.657413915018e+01
   2.575951896685e+01   7.232509800964e-02   4.180000000000e+02   1.577397785860e+01
   2.499999997928e+01   7.020952008723e-02   4.200000000000e+02   1.554587572977e+01
   2.424809623389e+01   6.800761484490e-02   4.220000000000e+02   1.591018179830e+01
   2.350403676785e+01   6.572085864830e-02   4.240000000000e+02   1.685875515022e+01
   2.276804822889e+01   6.335104961691e-02   4.260000000000e+02   1.834985760930e+01
   2.204035480625e+01   6.090030040404e-02   4.280000000000e+02   2.030383115808e+01
   2.132117816238e+01   5.837102947984e-02   4.300000000000e+02   2.259988628667e+01
   2.061073736546e+01   5.576595103751e-02   4.320000000000e+02   2.507429929864e+01
   1.990924882265e+01   5.308806364812e-02   4.340000000000e+02   2.752026565009e+01
   1.921692621414e+01   5.034063779317e-02   4.360000000000e+02   2.968958394561e+01
   1.853398042812e+01   4.752720240628e-02   4.380000000000e+02   3.129625431582e+01
   1.786061949647e+01   4.465153055600e-02   4.400000000000e+02   3.202197026776e+01
   1.719704853147e+01   4.171762440084e-02   4.420000000000e+02   3.152337086503e+01
   1.654346966326e+01   3.872969954537e-02   4.440000000000e+02   2.944080743743e+01
   1.590008197829e+01   3.569216892285e-02   4.460000000000e+02   2.540827367692e+01
   1.526708145869e+01   3.260962632538e-02   4.480000000000e+02   1.906405768884e+01
   1.526708150295e+01   3.260962654420e-02   4.500000000000e+02   1.906405822592e+01
   1.590008202329e+01   3.569216913866e-02   4.520000000000e+02   2.540827403856e+01
   1.654346970898e+01   3.872969975784e-02   4.540000000000e+02   2.944080764871e+01
   1.719704857791e+01   4.171762460966e-02   4.560000000000e+02   3.152337095174e+01
   1.786061954360e+01   4.465153076086e-02   4.580000000000e+02   3.202197025560e+01
   1.853398047593e+01   4.752720260689e-02   4.600000000000e+02   3.129625422969e+01
   1.921692626263e+01   5.034063798926e-02   4.620000000000e+02   2.968958380892e+01
   1.990924887179e+01   5.308806383943e-02   4.640000000000e+02   2.752026548423e+01
   2.061073741524e+01   5.576595122379e-02   4.660000000000e+02   2.507429912249e+01
   2.132117821278e+01   5.837102966088e-02   4.680000000000e+02   2.259988611631e+01
   2.204035485726e+01   6.090030057964e-02   4.700000000000e+02   2.030383100658e+01
   2.276804828050e+01   6.335104978688e-02   4.720000000000e+02   1.834985748667e+01
   2.350403682003e+01   6.572085881248e-02   4.740000000000e+02   1.685875506351e+01
   2.424809628663e+01   6.800761500316e-02   4.760000000000e+02   1.591018175174e+01
   2.500000003256e+01   7.020952023945e-02   4.780000000000e+02   1.554587572505e+01
   2.575951902067e+01   7.232509815573e-02   4.800000000000e+02   1.577397789524e+01
   2.652642189411e+01   7.435319975050e-02   4.820000000000e+02   1.657413922586e+01
   2.730047504683e+01   7.629300728267e-02   4.840000000000e+02   1.790308079724e+01
   2.808144269475e+01   7.814403636031e-02   4.860000000000e+02   1.970028927645e+01
   2.886908694756e+01   7.990613614025e-02   4.880000000000e+02   2.189356232480e+01
   2.966316788119e+01   8.157948757059e-02   4.900000000000e+02   2.440416353116e+01
   3.046344361088e+01   8.316459962361e-02   4.920000000000e+02   2.715140015011e+01
   3.126967036491e+01   8.466230348264e-02   4.940000000000e+02   3.005649462712e+01
   3.208160255880e+01   8.607374466465e-02   4.960000000000e+02   3.304567826934e+01
   3.289899287012e+01   8.740037307882e-02   4.980000000000e+02   3.605248871788e+01
   3.372159231388e+01   8.864393104124e-02   5.000000000000e+02   3.901929914143e+01
   3.454915031831e+01   8.980643928623e-02   5.020000000000e+02   4.189814427559e+01
   3.538141480124e+01   9.089018103541e-02   5.040000000000e+02   4.465093550582e+01
   3.621813224683e+01   9.189768420713e-02   5.060000000000e+02   4.724917396598e+01
   3.705904778285e+01   9.283170186936e-02   5.080000000000e+02   4.967327770960e+01
   3.790390525827e+01   9.369519106035e-02   5.100000000000e+02   5.191163762976e+01
   3.875244732133e+01   9.449129012107e-02   5.120000000000e+02   5.395950858861e+01
   3.960441549790e+01   9.522329470316e-02   5.140000000000e+02   5.581782901870e+01
   4.045955027021e+01   9.589463263392e-02   5.160000000000e+02   5.749204594938e+01
   4.131759115593e+01   9.650883783707e-02   5.180000000000e+02   5.899100474229e+01
   4.217827678749e+01   9.706952352275e-02   5.200000000000e+02   6.032594529291e+01
   4.304134499171e+01   9.758035487390e-02   5.220000000000e+02   6.150963025599e+01
   4.390653286967e+01   9.804502146693e-02   5.240000000000e+02   6.255561681615e+01
   4.477357687673e+01   9.846720967371e-02   5.260000000000e+02   6.347767214120e+01
   4.564221290291e+01   9.885057529782e-02   5.280000000000e+02   6.428932410302e+01
   4.651217635326e+01   9.919871670186e-02   5.300000000000e+02   6.500353305154e+01
   4.738320222848e+01   9.951514868317e-02   5.320000000000e+02   6.563246711109e+01
   4.825502520564e+01   9.980327735295e-02   5.340000000000e+02   6.618736224165e+01
   4.912737971904e+01   1.000663762689e-01   5.360000000000e+02   6.667844871231e+01
   5.000000004102e+01   1.003075640632e-01   5.380000000000e+02   6.711492720604e+01
