ARMA_MAT_TXT_FN008
9 4
   1.800000000000e+01   3.566679018417e-03   0.000000000000e+00   1.674995995704e+01
   2.450000000000e+01   5.246666936441e-03   2.000000000000e+00   2.153174816391e+01
   3.200000000000e+01   6.622780703104e-03   4.000000000000e+00   3.719201193858e+01
   4.050000000000e+01   7.561191291395e-03   6.000000000000e+00   5.554227884832e+01
   5.000000000000e+01   8.021367890506e-03   8.000000000000e+00   6.690284730206e+01
   6.050000000000e+01   8.094660018810e-03   1.000000000000e+01   6.885361793258e+01
   7.200000000000e+01   7.994159472675e-03   1.200000000000e+01   6.618845256528e+01
   8.450000000000e+01   7.963279857262e-03   1.400000000000e+01   6.538411185177e+01
   9.800000000000e+01   8.151794228484e-03   1.600000000000e+01   7.040090207063e+01
