ARMA_MAT_TXT_FN008
#1001 4
   8.829419696158e+01   7.991459379486e-03   0.000000000000e+00   6.726614441523e+01
   8.775585386244e+01   7.986307685688e-03   2.000000000000e+00   6.715978759930e+01
   8.616480279102e+01   7.973314244688e-03   4.000000000000e+00   6.688970040319e+01
   8.359583889029e+01   7.959347388733e-03   6.000000000000e+00   6.659650486293e+01
   8.017970563339e+01   7.953933603699e-03   8.000000000000e+00   6.648207319667e+01
   7.610286816831e+01   7.965764129695e-03   1.000000000000e+01   6.673157152607e+01
   7.159598912127e+01   7.997629629101e-03   1.200000000000e+01   6.739297644249e+01
   6.691116840440e+01   8.042313842242e-03   1.400000000000e+01   6.829285285403e+01
   6.229386532816e+01   8.083439752102e-03   1.600000000000e+01   6.909048401815e+01
   5.795760321615e+01   8.102387937248e-03   1.800000000000e+01   6.944749588286e+01
   5.406766288039e+01   8.087219731693e-03   2.000000000000e+01   6.916224614106e+01
   5.073602285110e+01   8.037893688252e-03   2.200000000000e+01   6.820533800968e+01
   4.802616617052e+01   7.965441135954e-03   2.400000000000e+01   6.672478754563e+01
   4.596432241033e+01   7.887023350674e-03   2.600000000000e+01   6.503364423009e+01
   4.455329365801e+01   7.820270574146e-03   2.800000000000e+01   6.353156392349e+01
   4.378562109261e+01   7.779138067773e-03   3.000000000000e+01   6.258119326056e+01
   4.365382475598e+01   7.771721556242e-03   3.200000000000e+01   6.240800768453e+01
   4.415636853950e+01   7.799439770974e-03   3.400000000000e+01   6.305246298470e+01
   4.529871109217e+01   7.856926349143e-03   3.600000000000e+01   6.436295293552e+01
   4.708934051456e+01   7.932494315002e-03   3.800000000000e+01   6.602472097694e+01
   4.953119451910e+01   8.009657300511e-03   4.000000000000e+01   6.763845226943e+01
   5.260949261389e+01   8.070428862200e-03   4.200000000000e+01   6.884144784718e+01
   5.627784405764e+01   8.100513996071e-03   4.400000000000e+01   6.941249261763e+01
   6.044548280050e+01   8.094936068298e-03   4.600000000000e+01   6.930790455408e+01
   6.496931139589e+01   8.060970915531e-03   4.800000000000e+01   6.865847455772e+01
   6.965453046517e+01   8.015440603248e-03   5.000000000000e+01   6.775564543867e+01
   7.426630535918e+01   7.976748603515e-03   5.200000000000e+01   6.696134188844e+01
   7.855186797318e+01   7.956406663930e-03   5.400000000000e+01   6.653440024862e+01
   8.226838983737e+01   7.955488593242e-03   5.600000000000e+01   6.651498547500e+01
   8.520890170080e+01   7.967108676459e-03   5.800000000000e+01   6.675979474975e+01
   8.721888893474e+01   7.981549806192e-03   6.000000000000e+01   6.706119172164e+01
   8.820078579908e+01   7.990538067879e-03   6.200000000000e+01   6.724715462776e+01
   8.811010445410e+01   7.989654691883e-03   6.400000000000e+01   6.722893416992e+01
   8.695085429375e+01   7.979316979262e-03   6.600000000000e+01   6.701480028934e+01
   8.477604880218e+01   7.964692698133e-03   6.800000000000e+01   6.670906174477e+01
   8.169269924926e+01   7.954514948742e-03   7.000000000000e+01   6.649438187785e+01
   7.786477178382e+01   7.958373231402e-03   7.200000000000e+01   6.657594601868e+01
   7.350674874165e+01   7.982156271082e-03   7.400000000000e+01   6.707377888912e+01
   6.886510109935e+01   8.023071447729e-03   7.600000000000e+01   6.790942963621e+01
   6.419145969742e+01   8.068020457523e-03   7.800000000000e+01   6.879500871429e+01
   5.971522473790e+01   8.098207685132e-03   8.000000000000e+01   6.936932060974e+01
   5.562300427860e+01   8.097962871578e-03   8.200000000000e+01   6.936473194719e+01
   5.204886442239e+01   8.062055520745e-03   8.400000000000e+01   6.867953931356e+01
   4.907537280082e+01   7.997353208054e-03   8.600000000000e+01   6.738730747781e+01
   4.674263905099e+01   7.919185383419e-03   8.800000000000e+01   6.573753497397e+01
   4.506150968804e+01   7.845605486798e-03   9.000000000000e+01   6.410783442880e+01
   4.402734230274e+01   7.792467812265e-03   9.200000000000e+01   6.289109206171e+01
   4.363167487797e+01   7.770464768676e-03   9.400000000000e+01   6.237860709211e+01
   4.387008205289e+01   7.783835627265e-03   9.600000000000e+01   6.269060812120e+01
   4.474531059935e+01   7.830017393456e-03   9.800000000000e+01   6.375412141408e+01
   4.626538174940e+01   7.899844595555e-03   1.000000000000e+02   6.531588446335e+01
   4.843684611457e+01   7.978542428960e-03   1.020000000000e+02   6.699868944452e+01
   5.125393487208e+01   8.048214248273e-03   1.040000000000e+02   6.840914600090e+01
   5.468509631412e+01   8.092314985777e-03   1.060000000000e+02   6.925855363509e+01
   5.865935324621e+01   8.101398417317e-03   1.080000000000e+02   6.942902109733e+01
   6.305586836210e+01   8.077607385474e-03   1.100000000000e+02   6.897923542551e+01
   6.770058978224e+01   8.034525552957e-03   1.120000000000e+02   6.813842598573e+01
   7.237318798683e+01   7.991042483148e-03   1.140000000000e+02   6.725755313978e+01
   7.682514626331e+01   7.962338777261e-03   1.160000000000e+02   6.665954754539e+01
   8.080604945526e+01   7.953830481326e-03   1.180000000000e+02   6.647988929191e+01
   8.409133182095e+01   7.961370762891e-03   1.200000000000e+02   6.663916151656e+01
   8.650343624641e+01   7.975800563411e-03   1.220000000000e+02   6.694158363610e+01
   8.792125541941e+01   7.987849825636e-03   1.240000000000e+02   6.719166889049e+01
   8.827892234197e+01   7.991307939028e-03   1.260000000000e+02   6.726302389326e+01
   8.756057326079e+01   7.984533394911e-03   1.280000000000e+02   6.712306087915e+01
   8.579839060817e+01   7.970793770909e-03   1.300000000000e+02   6.683700804786e+01
   8.307626227375e+01   7.957567134508e-03   1.320000000000e+02   6.655892331508e+01
   7.953457654938e+01   7.954537963335e-03   1.340000000000e+02   6.649486905803e+01
   7.536838054013e+01   7.969780510940e-03   1.360000000000e+02   6.681579786084e+01
   7.081377540220e+01   8.004602340880e-03   1.380000000000e+02   6.753556971751e+01
   6.612373203579e+01   8.050007361874e-03   1.400000000000e+02   6.844436633171e+01
   6.153992232274e+01   8.088628445266e-03   1.420000000000e+02   6.918892174762e+01
   5.726859734051e+01   8.102383557497e-03   1.440000000000e+02   6.944741415245e+01
   5.346612748382e+01   8.081132055228e-03   1.460000000000e+02   6.904654172522e+01
   5.023577679231e+01   8.026905090025e-03   1.480000000000e+02   6.798632111067e+01
   4.763386113445e+01   7.952170671057e-03   1.500000000000e+02   6.644471667758e+01
   4.568168637685e+01   7.874540973567e-03   1.520000000000e+02   6.475684446754e+01
   4.437946529546e+01   7.811261955540e-03   1.540000000000e+02   6.332493740994e+01
   4.371912338589e+01   7.775409246188e-03   1.560000000000e+02   6.249418726532e+01
   4.369389202129e+01   7.773987395431e-03   1.580000000000e+02   6.246097491411e+01
   4.430347569199e+01   7.807268157615e-03   1.600000000000e+02   6.323305452742e+01
   4.555425334249e+01   7.868769987924e-03   1.620000000000e+02   6.462821333756e+01
   4.745449429707e+01   7.945852434081e-03   1.640000000000e+02   6.631046036032e+01
   5.000508333674e+01   8.021489733130e-03   1.660000000000e+02   6.787763319397e+01
   5.318690665717e+01   8.077912452512e-03   1.680000000000e+02   6.898507000781e+01
   5.694692285646e+01   8.102026863655e-03   1.700000000000e+02   6.944075665873e+01
   6.118593342835e+01   8.090838132083e-03   1.720000000000e+02   6.923068942866e+01
   6.575182118977e+01   8.053590559076e-03   1.740000000000e+02   6.851457771105e+01
   7.044192629646e+01   8.008020641873e-03   1.760000000000e+02   6.760518728919e+01
   7.501661549428e+01   7.971885748587e-03   1.780000000000e+02   6.685984852791e+01
   7.922279028136e+01   7.955008280410e-03   1.800000000000e+02   6.650482317020e+01
   8.282201586757e+01   7.956822792749e-03   1.820000000000e+02   6.654319617466e+01
   8.561531236983e+01   7.969600479213e-03   1.840000000000e+02   6.681202769429e+01
   8.745773434134e+01   7.983619221097e-03   1.860000000000e+02   6.710411885297e+01
   8.826103259259e+01   7.991130962222e-03   1.880000000000e+02   6.725937671988e+01
   8.798910054695e+01   7.988492820840e-03   1.900000000000e+02   6.720495076342e+01
   8.665398225982e+01   7.976954344167e-03   1.920000000000e+02   6.696562793713e+01
   8.431737477180e+01   7.962399827728e-03   1.940000000000e+02   6.666083277650e+01
   8.109583724038e+01   7.953946332671e-03   1.960000000000e+02   6.648234275742e+01
   7.716261203402e+01   7.960924061310e-03   1.980000000000e+02   6.662974942732e+01
   7.273916114302e+01   7.988074106606e-03   2.000000000000e+02   6.719630243350e+01
   6.807482031874e+01   8.030830891249e-03   2.020000000000e+02   6.806480369967e+01
   6.341929080882e+01   8.074644912886e-03   2.040000000000e+02   6.892248717214e+01
   5.899594777155e+01   8.100592998397e-03   2.060000000000e+02   6.941396966136e+01
   5.498293276994e+01   8.094373995346e-03   2.080000000000e+02   6.929733257907e+01
   5.150531703956e+01   8.052848071168e-03   2.100000000000e+02   6.850004758220e+01
   4.863773460488e+01   7.984662514124e-03   2.120000000000e+02   6.712573522700e+01
   4.641439542639e+01   7.906011871520e-03   2.140000000000e+02   6.545088168143e+01
   4.484260764214e+01   7.834874938452e-03   2.160000000000e+02   6.386464197995e+01
   4.391635792335e+01   7.786391174386e-03   2.180000000000e+02   6.275003931350e+01
   4.362743446915e+01   7.770223826412e-03   2.200000000000e+02   6.237296888485e+01
   4.397253454079e+01   7.789476192679e-03   2.220000000000e+02   6.282169638168e+01
   4.495556151396e+01   7.840446051245e-03   2.240000000000e+02   6.399106832584e+01
   4.658488554786e+01   7.912924453046e-03   2.260000000000e+02   6.560159061022e+01
   4.886583897380e+01   7.991385920560e-03   2.280000000000e+02   6.726463079505e+01
   5.178930001633e+01   8.057795256647e-03   2.300000000000e+02   6.859667695431e+01
   5.531800122525e+01   8.096392144550e-03   2.320000000000e+02   6.933526378824e+01
   5.937316701538e+01   8.099451156223e-03   2.340000000000e+02   6.939260990174e+01
   6.382499856158e+01   8.071216403984e-03   2.360000000000e+02   6.885661037834e+01
   6.849086655856e+01   8.026735459860e-03   2.380000000000e+02   6.798292407073e+01
   7.314415348530e+01   7.984897775807e-03   2.400000000000e+02   6.713060735357e+01
   7.753404470626e+01   7.959507737243e-03   2.420000000000e+02   6.659988754411e+01
   8.141261420077e+01   7.954192545756e-03   2.440000000000e+02   6.648755632979e+01
   8.456200426756e+01   7.963588535114e-03   2.460000000000e+02   6.668584626359e+01
   8.681383015151e+01   7.978212064627e-03   2.480000000000e+02   6.699181496431e+01
   8.805656967095e+01   7.989138272662e-03   2.500000000000e+02   6.721827684024e+01
   8.823311718990e+01   7.990855648767e-03   2.520000000000e+02   6.725370202097e+01
   8.733566209455e+01   7.982552166066e-03   2.540000000000e+02   6.708199259914e+01
   8.540470598477e+01   7.968282163447e-03   2.560000000000e+02   6.678440498087e+01
   8.253338493171e+01   7.956078323039e-03   2.580000000000e+02   6.652745813432e+01
   7.887169295056e+01   7.955674825231e-03   2.600000000000e+02   6.651892479631e+01
   7.462287137228e+01   7.974375922571e-03   2.620000000000e+02   6.691186653647e+01
   7.002775962177e+01   8.011895485932e-03   2.640000000000e+02   6.768387224108e+01
   6.533938349492e+01   8.057511050334e-03   2.660000000000e+02   6.859113757340e+01
   6.079493210174e+01   8.093094326977e-03   2.680000000000e+02   6.927324103800e+01
   5.659297210271e+01   8.101359525272e-03   2.700000000000e+02   6.942829458050e+01
   5.288087707811e+01   8.074087043678e-03   2.720000000000e+02   6.891178272320e+01
   4.975337943683e+01   8.015324923406e-03   2.740000000000e+02   6.775330669944e+01
   4.725997438056e+01   7.938819796254e-03   2.760000000000e+02   6.616034480275e+01
   4.541744469277e+01   7.862474504674e-03   2.780000000000e+02   6.448742561669e+01
   4.422378066937e+01   7.803043039379e-03   2.800000000000e+02   6.313566590761e+01
   4.367056605767e+01   7.772669478866e-03   2.820000000000e+02   6.243017277771e+01
   4.375189084349e+01   7.777250010374e-03   2.840000000000e+02   6.253715553408e+01
   4.446870585122e+01   7.815908897322e-03   2.860000000000e+02   6.343163183846e+01
   4.582817397352e+01   7.881064786362e-03   2.880000000000e+02   6.490175669670e+01
   4.783808096138e+01   7.959172026033e-03   2.900000000000e+02   6.659280500777e+01
   5.049689743719e+01   8.032768295172e-03   2.920000000000e+02   6.810343875897e+01
   5.378077550517e+01   8.084458441760e-03   2.940000000000e+02   6.910984993773e+01
   5.762966845229e+01   8.102511576907e-03   2.960000000000e+02   6.944980296665e+01
   6.193574526087e+01   8.085982296528e-03   2.980000000000e+02   6.913878314524e+01
   6.653793091017e+01   8.045975015479e-03   3.000000000000e+02   6.836508378339e+01
   7.122609131020e+01   8.000887575420e-03   3.020000000000e+02   6.745969952773e+01
   7.575647184694e+01   7.967593101187e-03   3.040000000000e+02   6.676995656994e+01
   7.987645837320e+01   7.954155307077e-03   3.060000000000e+02   6.648676785646e+01
   8.335272786865e+01   7.958470997959e-03   3.080000000000e+02   6.657800994301e+01
   8.599470642255e+01   7.972122248569e-03   3.100000000000e+02   6.686479291577e+01
   8.766708114637e+01   7.985494877920e-03   3.120000000000e+02   6.714296909265e+01
   8.829077078654e+01   7.991425383839e-03   3.140000000000e+02   6.726544394599e+01
   8.783792450374e+01   7.987068371697e-03   3.160000000000e+02   6.717551823547e+01
   8.632866808288e+01   7.974498545984e-03   3.180000000000e+02   6.691442560597e+01
   8.383354757598e+01   7.960278313923e-03   3.200000000000e+02   6.661613814553e+01
   8.047873906088e+01   7.953824390893e-03   3.220000000000e+02   6.647976030505e+01
   7.644652578642e+01   7.964067845081e-03   3.240000000000e+02   6.669592619956e+01
   7.196476224722e+01   7.994458280397e-03   3.260000000000e+02   6.732786371922e+01
   6.728485149996e+01   8.038631443858e-03   3.280000000000e+02   6.821996834733e+01
   6.265379373990e+01   8.080752753818e-03   3.300000000000e+02   6.903930973116e+01
   5.828839697004e+01   8.102041227291e-03   3.320000000000e+02   6.944102479539e+01
   5.435811655877e+01   8.089758297160e-03   3.340000000000e+02   6.921028980293e+01
   5.097911095335e+01   8.042869176939e-03   3.360000000000e+02   6.830382401347e+01
   4.821837290902e+01   7.971672300923e-03   3.380000000000e+02   6.685538535182e+01
   4.610460307455e+01   7.893057965441e-03   3.400000000000e+02   6.516675248859e+01
   4.464196092478e+01   7.824797890577e-03   3.420000000000e+02   6.363507083173e+01
   4.382338019381e+01   7.781243479373e-03   3.440000000000e+02   6.263025922933e+01
   4.364110200679e+01   7.771000030635e-03   3.460000000000e+02   6.239113057463e+01
   4.409301168617e+01   7.796028663692e-03   3.480000000000e+02   6.297357299653e+01
   4.518409116855e+01   7.851495504976e-03   3.500000000000e+02   6.424075603989e+01
   4.692284547199e+01   7.926179887473e-03   3.520000000000e+02   6.588877223955e+01
   4.931306219145e+01   8.003883849034e-03   3.540000000000e+02   6.752091268000e+01
   5.234187352736e+01   8.066571007698e-03   3.560000000000e+02   6.876700943126e+01
   5.596591026801e+01   8.099435444910e-03   3.580000000000e+02   6.939231582521e+01
   6.009832018418e+01   8.096592354050e-03   3.600000000000e+02   6.933902250524e+01
   6.460028453426e+01   8.064356563547e-03   3.620000000000e+02   6.872415912501e+01
   6.928084543262e+01   8.019033110178e-03   3.640000000000e+02   6.782816596173e+01
   7.390766535804e+01   7.979243613460e-03   3.660000000000e+02   6.701327465917e+01
   7.822841496364e+01   7.957266036278e-03   3.680000000000e+02   6.655256242118e+01
   8.199844530810e+01   7.954979761398e-03   3.700000000000e+02   6.650421966715e+01
   8.500716608156e+01   7.965952175171e-03   3.720000000000e+02   6.673552040515e+01
   8.709556838303e+01   7.980510747781e-03   3.740000000000e+02   6.703961281758e+01
   8.816162777351e+01   7.990155277661e-03   3.760000000000e+02   6.723926073246e+01
   8.815683771306e+01   7.990108591163e-03   3.780000000000e+02   6.723829780583e+01
   8.708140994407e+01   7.980392735415e-03   3.800000000000e+02   6.703716090814e+01
   8.498430130357e+01   7.965824458613e-03   3.820000000000e+02   6.673283846698e+01
   8.196803520470e+01   7.954928235423e-03   3.840000000000e+02   6.650312927347e+01
   7.819211990720e+01   7.957369875480e-03   3.860000000000e+02   6.655475624279e+01
   7.386754268986e+01   7.979529324070e-03   3.880000000000e+02   6.701921549691e+01
   6.923914495063e+01   8.019436354437e-03   3.900000000000e+02   6.783629270492e+01
   6.455919593379e+01   8.064729129631e-03   3.920000000000e+02   6.873137461918e+01
   6.005974601203e+01   8.096765293632e-03   3.940000000000e+02   6.934226864357e+01
   5.593132028072e+01   8.099300692625e-03   3.960000000000e+02   6.938979340476e+01
   5.231226033772e+01   8.066128603077e-03   3.980000000000e+02   6.875845583281e+01
   4.928898530184e+01   8.003233756442e-03   4.000000000000e+02   6.750764376490e+01
   4.690453258907e+01   7.925476716476e-03   4.020000000000e+02   6.587359864329e+01
   4.517156221340e+01   7.850897385471e-03   4.040000000000e+02   6.422727668761e+01
   4.408619656907e+01   7.795660317443e-03   4.060000000000e+02   6.296504692762e+01
   4.363993206126e+01   7.770933631841e-03   4.080000000000e+02   6.238957719707e+01
   4.382784138390e+01   7.781491662305e-03   4.100000000000e+02   6.263604016874e+01
   4.465210321506e+01   7.825312844126e-03   4.120000000000e+02   6.364682976838e+01
   4.612050506880e+01   7.893735363536e-03   4.140000000000e+02   6.518166483717e+01
   4.824006527764e+01   7.972364509694e-03   4.160000000000e+02   6.686985686510e+01
   5.100646768228e+01   8.043414469057e-03   4.180000000000e+02   6.831459155539e+01
   5.439073050662e+01   8.090027486418e-03   4.200000000000e+02   6.921537723181e+01
   5.832546510225e+01   8.101988881116e-03   4.220000000000e+02   6.944004759129e+01
   6.269404500759e+01   8.080444499550e-03   4.240000000000e+02   6.903343039762e+01
   6.732655144465e+01   8.038219859813e-03   4.260000000000e+02   6.821180743381e+01
   7.200581679063e+01   7.994110220505e-03   4.280000000000e+02   6.732070774700e+01
   7.648467929262e+01   7.963886909885e-03   4.300000000000e+02   6.669212151932e+01
   8.051182490383e+01   7.953819023258e-03   4.320000000000e+02   6.647964662560e+01
   8.385972127260e+01   7.960385296205e-03   4.340000000000e+02   6.661839358363e+01
   8.634655581080e+01   7.974629963372e-03   4.360000000000e+02   6.691716794432e+01
   8.784666151853e+01   7.987149875282e-03   4.380000000000e+02   6.717720315391e+01
   8.828996393570e+01   7.991417380250e-03   4.400000000000e+02   6.726527903198e+01
   8.765676582357e+01   7.985401103999e-03   4.420000000000e+02   6.714102807045e+01
   8.597535131442e+01   7.971989021913e-03   4.440000000000e+02   6.686200771696e+01
   8.332528196341e+01   7.958376858205e-03   4.460000000000e+02   6.657602258571e+01
   7.984238020616e+01   7.954187160714e-03   4.480000000000e+02   6.648744231084e+01
   7.571767339042e+01   7.967805273853e-03   4.500000000000e+02   6.677440621843e+01
   7.118477189336e+01   8.001256019182e-03   4.520000000000e+02   6.746723455708e+01
   6.649633587309e+01   8.046381598378e-03   4.540000000000e+02   6.837309078953e+01
   6.189591981430e+01   8.086256538757e-03   4.560000000000e+02   6.914398552606e+01
   5.759327356646e+01   8.102511402136e-03   4.580000000000e+02   6.944979970567e+01
   5.374900138318e+01   8.084136811780e-03   4.600000000000e+02   6.910373764642e+01
   5.047047389554e+01   8.032187706205e-03   4.620000000000e+02   6.809186756317e+01
   4.781735920155e+01   7.958470881274e-03   4.640000000000e+02   6.657800747978e+01
   4.581324512070e+01   7.880405294429e-03   4.660000000000e+02   6.488713179046e+01
   4.445952428568e+01   7.815432946422e-03   4.680000000000e+02   6.342071463889e+01
   4.374837846576e+01   7.777053008346e-03   4.700000000000e+02   6.253255857301e+01
   4.367268239101e+01   7.772789188092e-03   4.720000000000e+02   6.243297129766e+01
   4.423155081897e+01   7.803456633777e-03   4.740000000000e+02   6.314520751682e+01
   4.543094242536e+01   7.863100246344e-03   4.760000000000e+02   6.450144083126e+01
   4.727926195083e+01   7.939525568614e-03   4.780000000000e+02   6.617544191957e+01
   4.977841069157e+01   8.015950096546e-03   4.800000000000e+02   6.776594340491e+01
   5.291137698052e+01   8.074482434269e-03   4.820000000000e+02   6.891937010660e+01
   5.662831429348e+01   8.101439413210e-03   4.840000000000e+02   6.942978688329e+01
   6.083404474219e+01   8.092877722416e-03   4.860000000000e+02   6.926916008051e+01
   6.538071821082e+01   8.057121007556e-03   4.880000000000e+02   6.858353301965e+01
   7.006935272520e+01   8.011503394381e-03   4.900000000000e+02   6.767592138273e+01
   7.466250562058e+01   7.974119009464e-03   4.920000000000e+02   6.690650418360e+01
   7.890713363207e+01   7.955601012377e-03   4.940000000000e+02   6.651736351165e+01
   8.256262948288e+01   7.956148898180e-03   4.960000000000e+02   6.652895043950e+01
   8.542617397399e+01   7.968413881933e-03   4.980000000000e+02   6.678716606595e+01
   8.734827865652e+01   7.982661539804e-03   5.000000000000e+02   6.708426136767e+01
   8.823629960533e+01   7.990886983166e-03   5.020000000000e+02   6.725434793894e+01
   8.805017787971e+01   7.989076867343e-03   5.040000000000e+02   6.721700934085e+01
   8.679814841785e+01   7.978087189074e-03   5.060000000000e+02   6.698921601739e+01
   8.453777550703e+01   7.963467319021e-03   5.080000000000e+02   6.668329653147e+01
   8.138108572432e+01   7.954162419697e-03   5.100000000000e+02   6.648691845712e+01
   7.749695392947e+01   7.959642453587e-03   5.120000000000e+02   6.660272919855e+01
   7.310360660920e+01   7.985210453839e-03   5.140000000000e+02   6.713708138737e+01
   6.844912114578e+01   8.027145508213e-03   5.160000000000e+02   6.799113492979e+01
   6.378421020719e+01   8.071566510835e-03   5.180000000000e+02   6.886334734329e+01
   5.933517296335e+01   8.099577260756e-03   5.200000000000e+02   6.939497009222e+01
   5.528419139497e+01   8.096202555006e-03   5.220000000000e+02   6.933170374487e+01
   5.176058911558e+01   8.057308778776e-03   5.240000000000e+02   6.858719428070e+01
   4.884272259455e+01   7.990715403132e-03   5.260000000000e+02   6.725081084908e+01
   4.656754763982e+01   7.912228439460e-03   5.280000000000e+02   6.558644512543e+01
   4.494399914174e+01   7.839879121855e-03   5.300000000000e+02   6.397821910689e+01
   4.396667239132e+01   7.789155149106e-03   5.320000000000e+02   6.281424383889e+01
   4.362721049289e+01   7.770211096916e-03   5.340000000000e+02   6.237267099076e+01
   4.392176942043e+01   7.786689178949e-03   5.360000000000e+02   6.275696537665e+01
   4.485371305750e+01   7.835425917187e-03   5.380000000000e+02   6.387716120532e+01
   4.643127168310e+01   7.906702935723e-03   5.400000000000e+02   6.546597713556e+01
   4.866039431210e+01   7.985341103856e-03   5.420000000000e+02   6.713978605804e+01
   5.153359571757e+01   8.053354287202e-03   5.440000000000e+02   6.850995504385e+01
   5.501636401526e+01   8.094589386737e-03   5.460000000000e+02   6.930138456442e+01
   5.903365321041e+01   8.100490041978e-03   5.480000000000e+02   6.941204474331e+01
   6.345991862008e+01   8.074307142090e-03   5.500000000000e+02   6.891600667583e+01
   6.811656549788e+01   8.030419219450e-03   5.520000000000e+02   6.805658604449e+01
   7.277988644203e+01   7.987749435733e-03   5.540000000000e+02   6.718959462463e+01
   7.720005877573e+01   7.960774536017e-03   5.560000000000e+02   6.662659823549e+01
   8.112787826060e+01   7.953965545080e-03   5.580000000000e+02   6.648274961307e+01
   8.434223734085e+01   7.962517077738e-03   5.600000000000e+02   6.666330096103e+01
   8.667037826844e+01   7.977081803822e-03   5.620000000000e+02   6.696828288680e+01
   8.799624825511e+01   7.988560915962e-03   5.640000000000e+02   6.720635697293e+01
   8.825861302796e+01   7.991107058763e-03   5.660000000000e+02   6.725888407466e+01
   8.744585383338e+01   7.983514508908e-03   5.680000000000e+02   6.710194834517e+01
   8.559451662231e+01   7.969467716445e-03   5.700000000000e+02   6.680924710416e+01
   8.279333911161e+01   7.956744049359e-03   5.720000000000e+02   6.654153193206e+01
   7.918777424033e+01   7.955068273220e-03   5.740000000000e+02   6.650609266468e+01
   7.497723484603e+01   7.972128525687e-03   5.760000000000e+02   6.686492413677e+01
   7.040040607478e+01   8.008406027684e-03   5.780000000000e+02   6.761302417007e+01
   6.571038931780e+01   8.053987116616e-03   5.800000000000e+02   6.852233414936e+01
   6.114658096138e+01   8.091074179733e-03   5.820000000000e+02   6.923514577389e+01
   5.691123483574e+01   8.101972807233e-03   5.840000000000e+02   6.943974751170e+01
   5.315599279713e+01   8.077540236442e-03   5.860000000000e+02   6.897795093086e+01
   4.997960263070e+01   8.020877888357e-03   5.880000000000e+02   6.786532234297e+01
   4.743474543284e+01   7.945147043283e-03   5.900000000000e+02   6.629543552273e+01
   4.554029609807e+01   7.868132472293e-03   5.920000000000e+02   6.461397840637e+01
   4.429525248023e+01   7.806833930028e-03   5.940000000000e+02   6.322305430256e+01
   4.369132724670e+01   7.773842647499e-03   5.960000000000e+02   6.245759271199e+01
   4.372218685606e+01   7.775581617388e-03   5.980000000000e+02   6.249821226607e+01
   4.438819270285e+01   7.811718469797e-03   6.000000000000e+02   6.333542931891e+01
   4.569615487275e+01   7.875190553894e-03   6.020000000000e+02   6.477129732061e+01
   4.765412236950e+01   7.952874410318e-03   6.040000000000e+02   6.645963437342e+01
   5.026175492563e+01   8.027500999459e-03   6.060000000000e+02   6.799825103093e+01
   5.349749661633e+01   8.081477902772e-03   6.080000000000e+02   6.905313353721e+01
   5.730466151102e+01   8.102409114630e-03   6.100000000000e+02   6.944789106820e+01
   6.157952951681e+01   8.088371791709e-03   6.120000000000e+02   6.918406449804e+01
   6.616525696883e+01   8.049604896561e-03   6.140000000000e+02   6.843646603018e+01
   7.085519787803e+01   8.004225419033e-03   6.160000000000e+02   6.752788165778e+01
   7.540746258990e+01   7.969553736471e-03   6.180000000000e+02   6.681104874241e+01
   7.956910578574e+01   7.954492972265e-03   6.200000000000e+02   6.649391666554e+01
   8.310429640068e+01   7.957654298501e-03   6.220000000000e+02   6.656076445993e+01
   8.581843147019e+01   7.970927068197e-03   6.240000000000e+02   6.683979714844e+01
   8.757163160697e+01   7.984632526725e-03   6.260000000000e+02   6.712511414406e+01
   8.828049320190e+01   7.991323499142e-03   6.280000000000e+02   6.726334453552e+01
   8.791326984152e+01   7.987774542428e-03   6.300000000000e+02   6.719011339642e+01
   8.648625209331e+01   7.975670760819e-03   6.320000000000e+02   6.693887732554e+01
   8.406577436022e+01   7.961258596895e-03   6.340000000000e+02   6.663679843709e+01
   8.077345201004e+01   7.953823956648e-03   6.360000000000e+02   6.647975110834e+01
   7.678731983373e+01   7.962504831182e-03   6.380000000000e+02   6.666304317313e+01
   7.233228133571e+01   7.991379812974e-03   6.400000000000e+02   6.726450494449e+01
   6.765886089602e+01   8.034937781544e-03   6.420000000000e+02   6.814662585689e+01
   6.301543249792e+01   8.077930195615e-03   6.440000000000e+02   6.898540930191e+01
   5.862197866985e+01   8.101475003210e-03   6.460000000000e+02   6.943045166324e+01
   5.465209236371e+01   8.092071136993e-03   6.480000000000e+02   6.925395571692e+01
   5.122614001554e+01   8.047687008849e-03   6.500000000000e+02   6.839877922242e+01
   4.841469515248e+01   7.977856088146e-03   6.520000000000e+02   6.698440564241e+01
   4.624901846552e+01   7.899160187236e-03   6.540000000000e+02   6.530087231770e+01
   4.473471248151e+01   7.829484992216e-03   6.560000000000e+02   6.374199189949e+01
   4.386517100982e+01   7.783563662449e-03   6.580000000000e+02   6.268427953111e+01
   4.363239679047e+01   7.770505777211e-03   6.600000000000e+02   6.237956666317e+01
   4.403370585818e+01   7.792813995594e-03   6.620000000000e+02   6.289911649112e+01
   4.507358059587e+01   7.846189265963e-03   6.640000000000e+02   6.412102683613e+01
   4.676049019023e+01   7.919885726695e-03   6.660000000000e+02   6.575270835700e+01
   4.909899549025e+01   7.998013541443e-03   6.680000000000e+02   6.740084785727e+01
   5.207805212521e+01   8.062519188277e-03   6.700000000000e+02   6.868853802125e+01
   5.565722813827e+01   8.098123631655e-03   6.720000000000e+02   6.936774528270e+01
   5.975352922303e+01   8.098056559935e-03   6.740000000000e+02   6.936648813016e+01
   6.423241273896e+01   8.067657914012e-03   6.760000000000e+02   6.878800897209e+01
   6.890683058798e+01   8.022664420809e-03   6.780000000000e+02   6.790125137698e+01
   7.354708033302e+01   7.981857530938e-03   6.800000000000e+02   6.706757925688e+01
   7.790145108738e+01   7.958254852063e-03   6.820000000000e+02   6.657344675350e+01
   8.172364502209e+01   7.954556624766e-03   6.840000000000e+02   6.649526408339e+01
   8.479956378936e+01   7.964817651311e-03   6.860000000000e+02   6.671168778389e+01
   8.696573660519e+01   7.979438473401e-03   6.880000000000e+02   6.701732655765e+01
   8.811565393881e+01   7.989708440812e-03   6.900000000000e+02   6.723004314365e+01
   8.819675648899e+01   7.990498585899e-03   6.920000000000e+02   6.724634053782e+01
   8.720545853530e+01   7.981435673973e-03   6.940000000000e+02   6.705882227106e+01
   8.518669448990e+01   7.966978757263e-03   6.960000000000e+02   6.675706882085e+01
   8.223852598627e+01   7.955427745137e-03   6.980000000000e+02   6.651369825848e+01
   7.851597032180e+01   7.956496154350e-03   7.000000000000e+02   6.653629206909e+01
   7.422640601918e+01   7.977020874079e-03   7.020000000000e+02   6.696701376815e+01
   6.961287299880e+01   8.015839088688e-03   7.040000000000e+02   6.776370006107e+01
   6.492809937901e+01   8.061352385600e-03   7.060000000000e+02   6.866588572143e+01
   6.040664828377e+01   8.095130110670e-03   7.080000000000e+02   6.931155288293e+01
   5.624289421176e+01   8.100405257795e-03   7.100000000000e+02   6.941045942849e+01
   5.257945742968e+01   8.070008380663e-03   7.120000000000e+02   6.883334768724e+01
   4.950666480610e+01   8.009018457433e-03   7.140000000000e+02   6.762547303487e+01
   4.707056595103e+01   7.931789338580e-03   7.160000000000e+02   6.600957064058e+01
   4.528572359642e+01   7.856314689752e-03   7.180000000000e+02   6.434920779293e+01
   4.414910139698e+01   7.799049722677e-03   7.200000000000e+02   6.304344828617e+01
   4.365220668344e+01   7.771629847686e-03   7.220000000000e+02   6.240586282041e+01
   4.378963276536e+01   7.779362163917e-03   7.240000000000e+02   6.258641783223e+01
   4.456298066000e+01   7.820767412060e-03   7.260000000000e+02   6.354293400637e+01
   4.597976336767e+01   7.887692787221e-03   7.280000000000e+02   6.504843336618e+01
   4.804739921370e+01   7.966138161769e-03   7.300000000000e+02   6.673942552484e+01
   5.076293893323e+01   8.038456184775e-03   7.320000000000e+02   6.821649365673e+01
   5.409988177378e+01   8.087513956652e-03   7.340000000000e+02   6.916782070925e+01
   5.799435684341e+01   8.102360259616e-03   7.360000000000e+02   6.944697938514e+01
   6.233392094584e+01   8.083147062933e-03   7.380000000000e+02   6.908491623457e+01
   6.695282602128e+01   8.041904005767e-03   7.400000000000e+02   6.828475271351e+01
   7.163717711634e+01   7.997271513548e-03   7.420000000000e+02   6.738563181686e+01
   7.614133488416e+01   7.965568351545e-03   7.440000000000e+02   6.672745969837e+01
   8.021326809752e+01   7.953915915654e-03   7.460000000000e+02   6.648169861393e+01
   8.362262009342e+01   7.959448609354e-03   7.480000000000e+02   6.659864023808e+01
   8.618338863541e+01   7.973446794768e-03   7.500000000000e+02   6.689246877796e+01
   8.776533984791e+01   7.986395154290e-03   7.520000000000e+02   6.716159687112e+01
   8.829415434132e+01   7.991458956498e-03   7.540000000000e+02   6.726613569982e+01
   8.774628450563e+01   7.986219568538e-03   7.560000000000e+02   6.715796479119e+01
   8.614613943392e+01   7.973181598767e-03   7.580000000000e+02   6.688692975804e+01
   8.356899048337e+01   7.959246846503e-03   7.600000000000e+02   6.659438364852e+01
   8.014609075013e+01   7.953952691297e-03   7.620000000000e+02   6.648247741282e+01
   7.606436738393e+01   7.965961558830e-03   7.640000000000e+02   6.673571744425e+01
   7.155478713617e+01   7.997988822297e-03   7.660000000000e+02   6.740034110784e+01
   6.686951633188e+01   8.042723414800e-03   7.680000000000e+02   6.830094486398e+01
   6.225383220713e+01   8.083730644057e-03   7.700000000000e+02   6.909601603012e+01
   5.792088515507e+01   8.102412839499e-03   7.720000000000e+02   6.944796057605e+01
   5.403548835144e+01   8.086922735707e-03   7.740000000000e+02   6.915661742290e+01
   5.070915606367e+01   8.037329326764e-03   7.760000000000e+02   6.819413989675e+01
   4.800498439734e+01   7.964743638122e-03   7.780000000000e+02   6.671013233734e+01
   4.594893285551e+01   7.886354860308e-03   7.800000000000e+02   6.501887028077e+01
   4.454365740171e+01   7.819775796928e-03   7.820000000000e+02   6.352023831505e+01
   4.378165953578e+01   7.778916675647e-03   7.840000000000e+02   6.257603124470e+01
   4.365549281627e+01   7.771816081307e-03   7.860000000000e+02   6.241021833570e+01
   4.416368612676e+01   7.799832209892e-03   7.880000000000e+02   6.306153134030e+01
   4.531174975948e+01   7.857539468019e-03   7.900000000000e+02   6.437672639121e+01
   4.710816656296e+01   7.933199429002e-03   7.920000000000e+02   6.603986727001e+01
   4.955577464489e+01   8.010294827008e-03   7.940000000000e+02   6.765139809598e+01
   5.263957463871e+01   8.070846859537e-03   7.960000000000e+02   6.884949695426e+01
   5.631283364010e+01   8.100619835165e-03   7.980000000000e+02   6.941447137981e+01
   6.048434576425e+01   8.094739718549e-03   8.000000000000e+02   6.930421211358e+01
   6.501053641654e+01   8.060588522181e-03   8.020000000000e+02   6.865104283529e+01
   6.969618226154e+01   8.015042707627e-03   8.040000000000e+02   6.774760011724e+01
   7.430617889976e+01   7.976477855119e-03   8.060000000000e+02   6.695570058766e+01
   7.858772049274e+01   7.956318760288e-03   8.080000000000e+02   6.653254185728e+01
   8.229819211859e+01   7.955550447770e-03   8.100000000000e+02   6.651629392598e+01
   8.523103512751e+01   7.967238806873e-03   8.120000000000e+02   6.676252485496e+01
   8.723223788687e+01   7.981663481738e-03   8.140000000000e+02   6.706355149043e+01
   8.820473018850e+01   7.990576738494e-03   8.160000000000e+02   6.724795196406e+01
   8.810447036106e+01   7.989600165046e-03   8.180000000000e+02   6.722780909948e+01
   8.693589151641e+01   7.979195122254e-03   8.200000000000e+02   6.701226624662e+01
   8.475246176361e+01   7.964568088198e-03   8.220000000000e+02   6.670644268575e+01
   8.166169439876e+01   7.954474403395e-03   8.240000000000e+02   6.649352358213e+01
   7.782805044697e+01   7.958493242538e-03   8.260000000000e+02   6.657847952270e+01
   7.346639474302e+01   7.982456436722e-03   8.280000000000e+02   6.708000670724e+01
   6.882336923963e+01   8.023478834648e-03   8.300000000000e+02   6.791761234578e+01
   6.415052251910e+01   8.068381814412e-03   8.320000000000e+02   6.880198316961e+01
   5.967695089992e+01   8.098356335418e-03   8.340000000000e+02   6.937210627693e+01
   5.558882163195e+01   8.097799213769e-03   8.360000000000e+02   6.936166378823e+01
   5.201972438273e+01   8.061589524436e-03   8.380000000000e+02   6.867049151465e+01
   4.905180084855e+01   7.996691795585e-03   8.400000000000e+02   6.737373797956e+01
   4.672483941160e+01   7.918485418438e-03   8.420000000000e+02   6.572236307440e+01
   4.504948983568e+01   7.845023355608e-03   8.440000000000e+02   6.409467531563e+01
   4.402102908288e+01   7.792124128088e-03   8.460000000000e+02   6.288312435287e+01
   4.363100293109e+01   7.770426595605e-03   8.480000000000e+02   6.237771385440e+01
   4.387504329088e+01   7.784110224298e-03   8.500000000000e+02   6.269699721441e+01
   4.475595958982e+01   7.830551698099e-03   8.520000000000e+02   6.376629109979e+01
   4.628179649521e+01   7.900529726046e-03   8.540000000000e+02   6.533090628253e+01
   4.845904817416e+01   7.979228050312e-03   8.560000000000e+02   6.701295101530e+01
   5.128177842995e+01   8.048739423014e-03   8.580000000000e+02   6.841946733265e+01
   5.471814343915e+01   8.092555991791e-03   8.600000000000e+02   6.926309684465e+01
   5.869676149039e+01   8.101319157009e-03   8.620000000000e+02   6.942754045666e+01
   6.309632411989e+01   8.077283015715e-03   8.640000000000e+02   6.897302978202e+01
   6.774232106051e+01   8.034113320132e-03   8.660000000000e+02   6.813022311971e+01
   7.241407724738e+01   7.990706389756e-03   8.680000000000e+02   6.725062502719e+01
   7.686293535889e+01   7.962174383379e-03   8.700000000000e+02   6.665608645727e+01
   8.083859170810e+01   7.953838304791e-03   8.720000000000e+02   6.648005498115e+01
   8.411682002213e+01   7.961483471208e-03   8.740000000000e+02   6.664153583236e+01
   8.652054160129e+01   7.975930156644e-03   8.760000000000e+02   6.694428532364e+01
   8.792915704511e+01   7.987924400165e-03   8.780000000000e+02   6.719320965411e+01
   8.827726629370e+01   7.991291538608e-03   8.800000000000e+02   6.726268593094e+01
   8.754943223630e+01   7.984433684925e-03   8.820000000000e+02   6.712099548413e+01
   8.577827364581e+01   7.970660497890e-03   8.840000000000e+02   6.683421918503e+01
   8.304816312766e+01   7.957480783875e-03   8.860000000000e+02   6.655709923968e+01
   7.949999777026e+01   7.954584441371e-03   8.880000000000e+02   6.649585289603e+01
   7.532926773719e+01   7.970008902996e-03   8.900000000000e+02   6.682058006617e+01
   7.077234232090e+01   8.004980158493e-03   8.920000000000e+02   6.754327373631e+01
   6.608221572462e+01   8.050409297729e-03   8.940000000000e+02   6.845225339385e+01
   6.150034011637e+01   8.088883080556e-03   8.960000000000e+02   6.919373957576e+01
   5.723257051189e+01   8.102355153086e-03   8.980000000000e+02   6.944688408957e+01
   5.343480379503e+01   8.080783534687e-03   9.000000000000e+02   6.903989671778e+01
   5.020984846310e+01   8.026307529176e-03   9.020000000000e+02   6.797435210562e+01
   4.761365128996e+01   7.951466707584e-03   9.040000000000e+02   6.642978696836e+01
   4.566726920229e+01   7.873892554454e-03   9.060000000000e+02   6.474241221903e+01
   4.437078850840e+01   7.810807645702e-03   9.080000000000e+02   6.331449395052e+01
   4.371610996772e+01   7.775239635695e-03   9.100000000000e+02   6.249022644650e+01
   4.369650682322e+01   7.774134925618e-03   9.120000000000e+02   6.246442191742e+01
   4.431174946614e+01   7.807704652830e-03   9.140000000000e+02   6.324310496251e+01
   4.556826186355e+01   7.869408763157e-03   9.160000000000e+02   6.464247139184e+01
   4.747429459238e+01   7.946557717592e-03   9.180000000000e+02   6.632547571504e+01
   5.003061406036e+01   8.022100031758e-03   9.200000000000e+02   6.788990669679e+01
   5.321786643456e+01   8.078282050717e-03   9.220000000000e+02   6.899213648151e+01
   5.698264901741e+01   8.102078049073e-03   9.240000000000e+02   6.944171215683e+01
   6.122531202266e+01   8.090599968161e-03   9.260000000000e+02   6.922619206354e+01
   6.579326311266e+01   8.053193345380e-03   9.280000000000e+02   6.850680564553e+01
   7.048343750688e+01   8.007636058167e-03   9.300000000000e+02   6.759736430322e+01
   7.505596697384e+01   7.971644564481e-03   9.320000000000e+02   6.685480533379e+01
   7.925775817578e+01   7.954949810665e-03   9.340000000000e+02   6.650358585392e+01
   8.285062868336e+01   7.956902412524e-03   9.360000000000e+02   6.654487884643e+01
   8.563603273070e+01   7.969733325159e-03   9.380000000000e+02   6.681480975894e+01
   8.746953253908e+01   7.983723391905e-03   9.400000000000e+02   6.710627796929e+01
   8.826336703004e+01   7.991154032011e-03   9.420000000000e+02   6.725985217476e+01
   8.798186864998e+01   7.988423992239e-03   9.440000000000e+02   6.720352933294e+01
   8.663750688784e+01   7.976826623940e-03   9.460000000000e+02   6.696296730911e+01
   8.429244201499e+01   7.962283055693e-03   9.480000000000e+02   6.665837444932e+01
   8.106373975225e+01   7.953928367311e-03   9.500000000000e+02   6.648196230527e+01
   7.712512643221e+01   7.961075242793e-03   9.520000000000e+02   6.663293518380e+01
   7.269841684056e+01   7.988400080635e-03   9.540000000000e+02   6.720303549924e+01
   6.803307601509e+01   8.031242678677e-03   9.560000000000e+02   6.807302077835e+01
   6.337868162055e+01   8.074981241388e-03   9.580000000000e+02   6.892893791322e+01
   5.895827505864e+01   8.100693338087e-03   9.600000000000e+02   6.941584546005e+01
   5.494954409622e+01   8.094155736792e-03   9.620000000000e+02   6.929322575680e+01
   5.147708675107e+01   8.052339701376e-03   9.640000000000e+02   6.849009340473e+01
   4.861512589377e+01   7.983983088454e-03   9.660000000000e+02   6.711165988335e+01
   4.639757065079e+01   7.905321420609e-03   9.680000000000e+02   6.543579327113e+01
   4.483155315911e+01   7.834325784037e-03   9.700000000000e+02   6.385216078136e+01
   4.391099666346e+01   7.786095762797e-03   9.720000000000e+02   6.274317263499e+01
   4.362770840679e+01   7.770239395003e-03   9.740000000000e+02   6.237333321699e+01
   4.397844697777e+01   7.789799781683e-03   9.760000000000e+02   6.282920695738e+01
   4.496717488399e+01   7.841014713682e-03   9.780000000000e+02   6.400395311351e+01
   4.660227495078e+01   7.913620957023e-03   9.800000000000e+02   6.561674021089e+01
   4.888900622068e+01   7.992055473493e-03   9.820000000000e+02   6.727842376637e+01
   5.181805893593e+01   8.058279486323e-03   9.840000000000e+02   6.860611161008e+01
   5.535185292650e+01   8.096578847258e-03   9.860000000000e+02   6.933876895385e+01
   5.941119271429e+01   8.099322506295e-03   9.880000000000e+02   6.939020175723e+01
   6.386580409901e+01   8.070864988238e-03   9.900000000000e+02   6.884984597489e+01
   6.853261114496e+01   8.026325657393e-03   9.920000000000e+02   6.797471529827e+01
   7.318467956541e+01   7.984586468502e-03   9.940000000000e+02   6.712416018350e+01
   7.757109494385e+01   7.959374666931e-03   9.960000000000e+02   6.659708034550e+01
   8.144408482116e+01   7.954223858719e-03   9.980000000000e+02   6.648821931917e+01
   8.458616184300e+01   7.963710158006e-03   1.000000000000e+03   6.668840433120e+01
   8.682943192617e+01   7.978336624740e-03   1.002000000000e+03   6.699440710660e+01
   8.806287703909e+01   7.989198919758e-03   1.004000000000e+03   6.721952863049e+01
   8.822984974287e+01   7.990823491040e-03   1.006000000000e+03   6.725303911502e+01
   8.732296366198e+01   7.982442294370e-03   1.008000000000e+03   6.707971331403e+01
   8.538316343623e+01   7.968150594970e-03   1.010000000000e+03   6.678164677826e+01
   8.250407767268e+01   7.956008693332e-03   1.012000000000e+03   6.652598574818e+01
   7.883620569848e+01   7.955750196893e-03   1.014000000000e+03   6.652051896983e+01
   7.458320972533e+01   7.974634394604e-03   1.016000000000e+03   6.691726040796e+01
   6.998615927058e+01   8.012288270193e-03   1.018000000000e+03   6.769183461280e+01
   6.529806039556e+01   8.057900296108e-03   1.020000000000e+03   6.859872388243e+01
   6.075584682447e+01   8.093308711875e-03   1.022000000000e+03   6.927727929970e+01
   5.655766890754e+01   8.101276747785e-03   1.024000000000e+03   6.942674817166e+01
   5.285042359186e+01   8.073689102746e-03   1.026000000000e+03   6.890414350172e+01
   4.972839841685e+01   8.014698323832e-03   1.028000000000e+03   6.774063467470e+01
   4.724073827485e+01   7.938114045920e-03   1.030000000000e+03   6.614524105237e+01
   4.540399818312e+01   7.861850129194e-03   1.032000000000e+03   6.447343628074e+01
   4.421606101932e+01   7.802631779139e-03   1.034000000000e+03   6.312617636975e+01
   4.366849972868e+01   7.772552571830e-03   1.036000000000e+03   6.242743963252e+01
   4.375545330491e+01   7.777449745159e-03   1.038000000000e+03   6.254181587471e+01
   4.447793810270e+01   7.816386978702e-03   1.040000000000e+03   6.344259543760e+01
   4.584315419286e+01   7.881725327503e-03   1.042000000000e+03   6.491639937045e+01
   4.785885405445e+01   7.959872816210e-03   1.044000000000e+03   6.660758775313e+01
   5.052337052497e+01   8.033347118733e-03   1.046000000000e+03   6.811496904107e+01
   5.381259451632e+01   8.084777343959e-03   1.048000000000e+03   6.911590848134e+01
   5.766609976053e+01   8.102508938580e-03   1.050000000000e+03   6.944975373922e+01
   6.197559439805e+01   8.085706150136e-03   1.052000000000e+03   6.913354321857e+01
   6.657953295894e+01   8.045568043402e-03   1.054000000000e+03   6.835706621902e+01
   7.126739834260e+01   8.000520125938e-03   1.056000000000e+03   6.745218265528e+01
   7.579523779951e+01   7.967382566787e-03   1.058000000000e+03   6.676554060666e+01
   7.991048547093e+01   7.954124896194e-03   1.060000000000e+03   6.648612393633e+01
   8.338010758879e+01   7.958565880269e-03   1.062000000000e+03   6.658001284311e+01
   8.601398467093e+01   7.972255435501e-03   1.064000000000e+03   6.686757701373e+01
   8.767731341192e+01   7.985588035369e-03   1.066000000000e+03   6.714489721834e+01
   8.829149240856e+01   7.991432542725e-03   1.068000000000e+03   6.726559145402e+01
   8.782910382866e+01   7.986986189786e-03   1.070000000000e+03   6.717381918854e+01
   8.631070221773e+01   7.974366978118e-03   1.072000000000e+03   6.691167986265e+01
   8.380730568581e+01   7.960171945623e-03   1.074000000000e+03   6.661389548265e+01
   8.044559947212e+01   7.953831111887e-03   1.076000000000e+03   6.647990264627e+01
   7.640833665831e+01   7.964250438514e-03   1.078000000000e+03   6.669976525102e+01
   7.192369210461e+01   7.994807496111e-03   1.080000000000e+03   6.733504151779e+01
   6.724315561550e+01   8.039042887930e-03   1.082000000000e+03   6.822812356404e+01
   6.261356374977e+01   8.081059321537e-03   1.084000000000e+03   6.904515514703e+01
   5.825136352023e+01   8.102090842330e-03   1.086000000000e+03   6.944195096565e+01
   5.432554642583e+01   8.089486299531e-03   1.088000000000e+03   6.920514791057e+01
   5.095180324887e+01   8.042321923402e-03   1.090000000000e+03   6.829301254335e+01
   4.819673173549e+01   7.970979502780e-03   1.092000000000e+03   6.684089421094e+01
   4.608875251395e+01   7.892381408487e-03   1.094000000000e+03   6.515185272459e+01
   4.463186944029e+01   7.824284924895e-03   1.096000000000e+03   6.362335437072e+01
   4.381896915526e+01   7.780997968330e-03   1.098000000000e+03   6.262453992627e+01
   4.364232192738e+01   7.771069256824e-03   1.100000000000e+03   6.239275005292e+01
   4.409987719511e+01   7.796399453781e-03   1.102000000000e+03   6.298215422219e+01
   4.519667124142e+01   7.852095174702e-03   1.104000000000e+03   6.425426609282e+01
   4.694120985142e+01   7.926883310665e-03   1.106000000000e+03   6.590394440235e+01
   4.933718965597e+01   8.004532736676e-03   1.108000000000e+03   6.753415017674e+01
   5.237153395947e+01   8.067010999143e-03   1.110000000000e+03   6.877551285438e+01
   5.600054070596e+01   8.099567295029e-03   1.112000000000e+03   6.939478358334e+01
   6.013692386036e+01   8.096417024669e-03   1.114000000000e+03   6.933573092718e+01
   6.464138750478e+01   8.063982948754e-03   1.116000000000e+03   6.871692080387e+01
   6.932254181286e+01   8.018630348910e-03   1.118000000000e+03   6.782004624946e+01
   7.394776383114e+01   7.978959382455e-03   1.120000000000e+03   6.700736333548e+01
   7.826466634582e+01   7.957163807628e-03   1.122000000000e+03   6.655040246993e+01
   8.202879500696e+01   7.955032353489e-03   1.124000000000e+03   6.650533258163e+01
   8.502995787970e+01   7.966080165051e-03   1.126000000000e+03   6.673820783641e+01
   8.710964582455e+01   7.980628346800e-03   1.128000000000e+03   6.704205592442e+01
   8.816633304794e+01   7.990201167258e-03   1.130000000000e+03   6.724020718919e+01
   8.815196288309e+01   7.990061109532e-03   1.132000000000e+03   6.723731844400e+01
   8.706717055947e+01   7.980274314658e-03   1.134000000000e+03   6.703470029686e+01
   8.496136363725e+01   7.965697022352e-03   1.136000000000e+03   6.673016217006e+01
   8.193756482840e+01   7.954877782131e-03   1.138000000000e+03   6.650206154202e+01
   7.815578134014e+01   7.957475327615e-03   1.140000000000e+03   6.655698397764e+01
   7.382739600575e+01   7.979816509181e-03   1.142000000000e+03   6.702518572229e+01
   6.919744054112e+01   8.019840069541e-03   1.144000000000e+03   6.784442622265e+01
   6.451812185437e+01   8.065100633088e-03   1.146000000000e+03   6.873856703652e+01
   6.002120146008e+01   8.096935834561e-03   1.148000000000e+03   6.934546919951e+01
   5.589677082205e+01   8.099163038250e-03   1.150000000000e+03   6.938721630103e+01
   5.228269443393e+01   8.065683793494e-03   1.152000000000e+03   6.874985216261e+01
   4.926495900425e+01   8.002582471448e-03   1.154000000000e+03   6.749434365804e+01
   4.688627120341e+01   7.924773810393e-03   1.156000000000e+03   6.585842390559e+01
   4.515908436981e+01   7.850300826145e-03   1.158000000000e+03   6.421382829915e+01
   4.407943183803e+01   7.795294420766e-03   1.160000000000e+03   6.295657617732e+01
   4.363881208962e+01   7.770870061443e-03   1.162000000000e+03   6.238808994911e+01
   4.383235272970e+01   7.781742513335e-03   1.164000000000e+03   6.264188263606e+01
   4.466229631786e+01   7.825829777232e-03   1.166000000000e+03   6.365863095333e+01
   4.613645849984e+01   7.894413590937e-03   1.168000000000e+03   6.519658947901e+01
   4.826180883227e+01   7.973056116019e-03   1.170000000000e+03   6.688430848650e+01
   5.103387340437e+01   8.043957789200e-03   1.172000000000e+03   6.832531501166e+01
   5.442338820660e+01   8.090293863510e-03   1.174000000000e+03   6.922041016774e+01
   5.836256781665e+01   8.101933809139e-03   1.176000000000e+03   6.943901944471e+01
   6.273431741538e+01   8.080134571289e-03   1.178000000000e+03   6.902751735798e+01
   6.736825528312e+01   8.037808149517e-03   1.180000000000e+03   6.820364109493e+01
   7.204685555524e+01   7.993763324823e-03   1.182000000000e+03   6.731357379415e+01
   7.652279700443e+01   7.963707633402e-03   1.184000000000e+03   6.668835123399e+01
   8.054485685451e+01   7.953815003654e-03   1.186000000000e+03   6.647956149540e+01
   8.388582666712e+01   7.960492885279e-03   1.188000000000e+03   6.662066164240e+01
   8.636436533362e+01   7.974761224286e-03   1.190000000000e+03   6.691990675341e+01
   8.785531484238e+01   7.987230697365e-03   1.192000000000e+03   6.717887388077e+01
   8.828907185878e+01   7.991408532257e-03   1.194000000000e+03   6.726509671786e+01
   8.764636748011e+01   7.985306717323e-03   1.196000000000e+03   6.713907422602e+01
   8.595591942112e+01   7.971855761880e-03   1.198000000000e+03   6.685922154981e+01
   8.329776998844e+01   7.958283468138e-03   1.200000000000e+03   6.657405092494e+01
   7.980825112171e+01   7.954220461724e-03   1.202000000000e+03   6.648814739531e+01
   7.567884260504e+01   7.968019083026e-03   1.204000000000e+03   6.677888949916e+01
   7.114344027083e+01   8.001625447613e-03   1.206000000000e+03   6.747478752768e+01
   6.645474801022e+01   8.046787778064e-03   1.208000000000e+03   6.838108696743e+01
   6.185611818989e+01   8.086528865140e-03   1.210000000000e+03   6.914915016823e+01
   5.755691519679e+01   8.102508410468e-03   1.212000000000e+03   6.944974388540e+01
   5.371727220730e+01   8.083812459200e-03   1.214000000000e+03   6.909757165782e+01
   5.044409992689e+01   8.031605363115e-03   1.216000000000e+03   6.808025563228e+01
   4.779668878131e+01   7.957769395027e-03   1.218000000000e+03   6.656319544475e+01
   4.579836763007e+01   7.879746863063e-03   1.220000000000e+03   6.487252493799e+01
   4.445039339944e+01   7.814959133594e-03   1.222000000000e+03   6.340984404890e+01
   4.374491616833e+01   7.776858742069e-03   1.224000000000e+03   6.252802507739e+01
   4.367484873081e+01   7.772911697698e-03   1.226000000000e+03   6.243583514028e+01
   4.423937147435e+01   7.803872555836e-03   1.228000000000e+03   6.315480101529e+01
   4.544449138646e+01   7.863727343646e-03   1.230000000000e+03   6.451548165024e+01
   4.729860098283e+01   7.940231350065e-03   1.232000000000e+03   6.619053211541e+01
   4.980349216024e+01   8.016573831121e-03   1.234000000000e+03   6.777854458293e+01
   5.294192325037e+01   8.074875267455e-03   1.236000000000e+03   6.892690557003e+01
   5.666369539559e+01   8.101516413089e-03   1.238000000000e+03   6.943122512113e+01
   6.087318462334e+01   8.092658908291e-03   1.240000000000e+03   6.926503659055e+01
   6.542206438732e+01   8.056730181891e-03   1.242000000000e+03   6.857591048179e+01
   7.011093840439e+01   8.011112006758e-03   1.244000000000e+03   6.766798228057e+01
   7.470211229229e+01   7.973863659021e-03   1.246000000000e+03   6.690117344632e+01
   7.894252758377e+01   7.955528754963e-03   1.248000000000e+03   6.651583504967e+01
   8.259181120102e+01   7.956220411882e-03   1.250000000000e+03   6.653046251542e+01
   8.544756731928e+01   7.968545743662e-03   1.252000000000e+03   6.678992989075e+01
   8.736081330234e+01   7.982770411110e-03   1.254000000000e+03   6.708651952929e+01
   8.823939697827e+01   7.990917493058e-03   1.256000000000e+03   6.725497684588e+01
   8.804370168751e+01   7.989014706151e-03   1.258000000000e+03   6.721572617859e+01
   8.678238678342e+01   7.977962003485e-03   1.260000000000e+03   6.698661037659e+01
   8.451347565982e+01   7.963346516844e-03   1.262000000000e+03   6.668075528689e+01
   8.134949952965e+01   7.954133486695e-03   1.264000000000e+03   6.648630583300e+01
   7.745982278106e+01   7.959778817255e-03   1.266000000000e+03   6.660560532610e+01
   7.306303911688e+01   7.985524496132e-03   1.268000000000e+03   6.714358213012e+01
   6.840737507807e+01   8.027555789537e-03   1.270000000000e+03   6.799934760976e+01
   6.374343918158e+01   8.071915295278e-03   1.272000000000e+03   6.887005663361e+01
   5.929721066796e+01   8.099700812401e-03   1.274000000000e+03   6.939728220683e+01
   5.525042350741e+01   8.096010080241e-03   1.276000000000e+03   6.932808882302e+01
   5.173192627204e+01   8.056820061959e-03   1.278000000000e+03   6.857766371470e+01
   4.881965709655e+01   7.990043934056e-03   1.280000000000e+03   6.723696417181e+01
   4.655026122566e+01   7.911532928679e-03   1.282000000000e+03   6.557130405034e+01
   4.493248776082e+01   7.839313934827e-03   1.284000000000e+03   6.396540570671e+01
   4.396086052415e+01   7.788836655922e-03   1.286000000000e+03   6.280684946973e+01
   4.362703647776e+01   7.770201206707e-03   1.288000000000e+03   6.237243954023e+01
   4.392723115959e+01   7.786989771901e-03   1.290000000000e+03   6.276395069396e+01
   4.486486941182e+01   7.835978711240e-03   1.292000000000e+03   6.388971821433e+01
   4.644819942270e+01   7.907394600971e-03   1.294000000000e+03   6.548107933986e+01
   4.868310500329e+01   7.986018844703e-03   1.296000000000e+03   6.715381212583e+01
   5.156192274906e+01   8.053858339782e-03   1.298000000000e+03   6.851981565388e+01
   5.504983776333e+01   8.094801908636e-03   1.300000000000e+03   6.930538170394e+01
   5.907139126850e+01   8.100384475648e-03   1.302000000000e+03   6.941007081792e+01
   6.350056491118e+01   8.073967942249e-03   1.304000000000e+03   6.890949665299e+01
   6.815831138253e+01   8.030007676497e-03   1.306000000000e+03   6.804836808139e+01
   7.282059255771e+01   7.987426075110e-03   1.308000000000e+03   6.718291224025e+01
   7.723746648803e+01   7.960626666168e-03   1.310000000000e+03   6.662348160383e+01
   8.115986267221e+01   7.953985998625e-03   1.312000000000e+03   6.648318274591e+01
   8.436702962045e+01   7.962634798563e-03   1.314000000000e+03   6.666577884960e+01
   8.668669485238e+01   7.977208997300e-03   1.316000000000e+03   6.697093204285e+01
   8.800331174962e+01   7.988628274986e-03   1.318000000000e+03   6.720774790977e+01
   8.825610834442e+01   7.991082322530e-03   1.320000000000e+03   6.725837425663e+01
   8.743389105786e+01   7.983409259576e-03   1.322000000000e+03   6.709976653113e+01
   8.557364556954e+01   7.969335043501e-03   1.324000000000e+03   6.680646812830e+01
   8.276459853757e+01   7.956666189335e-03   1.326000000000e+03   6.653988626925e+01
   7.915271020968e+01   7.955129792893e-03   1.328000000000e+03   6.650739441372e+01
   7.493782520628e+01   7.972372892685e-03   1.330000000000e+03   6.687003207755e+01
   7.035887701920e+01   8.008792204869e-03   1.332000000000e+03   6.762087471089e+01
   6.566896765494e+01   8.054383003861e-03   1.334000000000e+03   6.853007469592e+01
   6.110725474721e+01   8.091308100465e-03   1.336000000000e+03   6.923956092626e+01
   5.687558504260e+01   8.101915877571e-03   1.338000000000e+03   6.943868466511e+01
   5.312512490578e+01   8.077165408989e-03   1.340000000000e+03   6.897077932236e+01
   4.995417196495e+01   8.020264509327e-03   1.342000000000e+03   6.785297434273e+01
   4.741504800360e+01   7.944441558207e-03   1.344000000000e+03   6.628040148652e+01
   4.552639012506e+01   7.867496227092e-03   1.346000000000e+03   6.459976687694e+01
   4.428707982447e+01   7.806401976922e-03   1.348000000000e+03   6.321310447930e+01
   4.368881249694e+01   7.773700684012e-03   1.350000000000e+03   6.245427537407e+01
   4.372530038121e+01   7.775756746682e-03   1.352000000000e+03   6.250230137364e+01
   4.439697073711e+01   7.812177181228e-03   1.354000000000e+03   6.334596947612e+01
   4.571067469476e+01   7.875841284317e-03   1.356000000000e+03   6.478577049528e+01
   4.767443498996e+01   7.953577912301e-03   1.358000000000e+03   6.647453977583e+01
   5.028778283818e+01   8.028095245890e-03   1.360000000000e+03   6.801014167802e+01
   5.352891113826e+01   8.081821071512e-03   1.362000000000e+03   6.905967209331e+01
   5.734076293268e+01   8.102431827547e-03   1.364000000000e+03   6.944831489811e+01
   6.161916156990e+01   8.088113131097e-03   1.366000000000e+03   6.917916801055e+01
   6.620679036319e+01   8.049201915900e-03   1.368000000000e+03   6.842855275718e+01
   7.089660957022e+01   8.003849403106e-03   1.370000000000e+03   6.752020978240e+01
   7.544651371031e+01   7.969328581976e-03   1.372000000000e+03   6.680633277799e+01
   7.960358532495e+01   7.954449463915e-03   1.374000000000e+03   6.649299563163e+01
   8.313226538986e+01   7.957742268782e-03   1.376000000000e+03   6.656262252168e+01
   8.583839615407e+01   7.971060383259e-03   1.378000000000e+03   6.684258635069e+01
   8.758260723541e+01   7.984731076400e-03   1.380000000000e+03   6.712715519934e+01
   8.828197886810e+01   7.991338218368e-03   1.382000000000e+03   6.726364784634e+01
   8.790520033933e+01   7.987698553455e-03   1.384000000000e+03   6.718854322963e+01
   8.646898920674e+01   7.975540754687e-03   1.386000000000e+03   6.693616651209e+01
   8.404014774528e+01   7.961146980408e-03   1.388000000000e+03   6.663444674816e+01
   8.074079951622e+01   7.953818736377e-03   1.390000000000e+03   6.647964054984e+01
   7.674945624121e+01   7.962672545253e-03   1.392000000000e+03   6.666657333032e+01
   7.229135747385e+01   7.991718371450e-03   1.394000000000e+03   6.727148026004e+01
   6.761713457008e+01   8.035349992386e-03   1.396000000000e+03   6.815482246254e+01
   6.297501666758e+01   8.078251433229e-03   1.398000000000e+03   6.899155119128e+01
   5.858463786465e+01   8.101548908643e-03   1.400000000000e+03   6.943183205325e+01
   5.461913165359e+01   8.091824448548e-03   1.402000000000e+03   6.924930310987e+01
   5.119839389384e+01   8.047157714906e-03   1.404000000000e+03   6.838836714447e+01
   4.839259529837e+01   7.977169040899e-03   1.406000000000e+03   6.697009986709e+01
   4.623270664104e+01   7.898476513126e-03   1.408000000000e+03   6.528587013838e+01
   4.472416522959e+01   7.828954503021e-03   1.410000000000e+03   6.372990279106e+01
   4.386031015715e+01   7.783294334016e-03   1.412000000000e+03   6.267801156310e+01
   4.363316866932e+01   7.770549620593e-03   1.414000000000e+03   6.238059254976e+01
   4.404011975470e+01   7.793162672709e-03   1.416000000000e+03   6.290719748913e+01
   4.508570256553e+01   7.846774683446e-03   1.418000000000e+03   6.413425228040e+01
   4.677839282942e+01   7.920586435681e-03   1.420000000000e+03   6.576788293025e+01
   4.912266890137e+01   7.998672783046e-03   1.422000000000e+03   6.741435888313e+01
   5.210728745018e+01   8.062980518314e-03   1.424000000000e+03   6.869748752376e+01
   5.569149313592e+01   8.098281493191e-03   1.426000000000e+03   6.937070380615e+01
   5.979186424212e+01   8.097902968050e-03   1.428000000000e+03   6.936360897099e+01
   6.427338149513e+01   8.067294197630e-03   1.430000000000e+03   6.878098418672e+01
   6.894855753250e+01   8.022257766420e-03   1.432000000000e+03   6.789307782946e+01
   7.358738933753e+01   7.981560222040e-03   1.434000000000e+03   6.706140795057e+01
   7.793808819203e+01   7.958138102643e-03   1.436000000000e+03   6.657098169615e+01
   8.175453158261e+01   7.954599425083e-03   1.438000000000e+03   6.649617006154e+01
   8.482300663034e+01   7.964942940680e-03   1.440000000000e+03   6.671432065290e+01
   8.698053839589e+01   7.979559599498e-03   1.442000000000e+03   6.701984494599e+01
   8.812111879601e+01   7.989761409790e-03   1.444000000000e+03   6.723113598047e+01
   8.819264227208e+01   7.990458294042e-03   1.446000000000e+03   6.724550972344e+01
   8.719194673740e+01   7.981321089814e-03   1.448000000000e+03   6.705644323459e+01
   8.516441358306e+01   7.966849056168e-03   1.450000000000e+03   6.675434721404e+01
   8.220860069394e+01   7.955367910180e-03   1.452000000000e+03   6.651243242145e+01
   7.848002770028e+01   7.956587234410e-03   1.454000000000e+03   6.653821737291e+01
   7.418648105846e+01   7.977294662351e-03   1.456000000000e+03   6.697271611419e+01
   6.957121003784e+01   8.016238152221e-03   1.458000000000e+03   6.777176373396e+01
   6.488690051936e+01   8.061732918348e-03   1.460000000000e+03   6.867327607106e+01
   6.036784233330e+01   8.095321836204e-03   1.462000000000e+03   6.931515694765e+01
   5.620798418346e+01   8.100293619674e-03   1.464000000000e+03   6.940837178191e+01
   5.254946913203e+01   8.069585422612e-03   1.466000000000e+03   6.882519656774e+01
   4.948218552476e+01   8.008378310139e-03   1.468000000000e+03   6.761246061037e+01
   4.705184287412e+01   7.931084512568e-03   1.470000000000e+03   6.599441655115e+01
   4.527278726634e+01   7.855704500094e-03   1.472000000000e+03   6.433549123212e+01
   4.414188469320e+01   7.798662071098e-03   1.474000000000e+03   6.303448741628e+01
   4.365063859703e+01   7.771540957023e-03   1.476000000000e+03   6.240378378321e+01
   4.379369455783e+01   7.779588960664e-03   1.478000000000e+03   6.259170486188e+01
   4.457271841437e+01   7.821266302696e-03   1.480000000000e+03   6.355434834436e+01
   4.599525573124e+01   7.888363158333e-03   1.482000000000e+03   6.506323739975e+01
   4.806868351910e+01   7.966834702472e-03   1.484000000000e+03   6.675404600501e+01
   5.078990428087e+01   8.039016805417e-03   1.486000000000e+03   6.822760667033e+01
   5.413214497155e+01   8.087805406123e-03   1.488000000000e+03   6.917334108811e+01
   5.803114593961e+01   8.102329811216e-03   1.490000000000e+03   6.944641116454e+01
   6.237399892541e+01   8.082852588714e-03   1.492000000000e+03   6.907931288226e+01
   6.699448901778e+01   8.041493919271e-03   1.494000000000e+03   6.827664471373e+01
   7.167835094204e+01   7.996914484617e-03   1.496000000000e+03   6.737830743512e+01
   7.617976735763e+01   7.965374225457e-03   1.498000000000e+03   6.672338199859e+01
   8.024677799338e+01   7.953899622153e-03   1.500000000000e+03   6.648135355964e+01
   8.364933398093e+01   7.959550501192e-03   1.502000000000e+03   6.660078961954e+01
   8.620189689601e+01   7.973579242839e-03   1.504000000000e+03   6.689523475406e+01
   8.777474242856e+01   7.986481970907e-03   1.506000000000e+03   6.716339253824e+01
   8.829402648068e+01   7.991457687552e-03   1.508000000000e+03   6.726610955390e+01
   8.773663181126e+01   7.986130806304e-03   1.510000000000e+03   6.715612851581e+01
   8.612739863551e+01   7.973048863193e-03   1.512000000000e+03   6.688415697126e+01
   8.354207498488e+01   7.959146989836e-03   1.514000000000e+03   6.659227674926e+01
   8.011242359716e+01   7.953973183420e-03   1.516000000000e+03   6.648291136646e+01
   7.602583270500e+01   7.966160637804e-03   1.518000000000e+03   6.673989741391e+01
   7.151357134035e+01   7.998349084092e-03   1.520000000000e+03   6.740772560759e+01
   6.682786996825e+01   8.043132709526e-03   1.522000000000e+03   6.830902847215e+01
   6.221382171719e+01   8.084019726680e-03   1.524000000000e+03   6.910151206861e+01
   5.788420275703e+01   8.102434961837e-03   1.526000000000e+03   6.944837338413e+01
   5.400335824669e+01   8.086622973227e-03   1.528000000000e+03   6.915093459521e+01
   5.068233859994e+01   8.036763111268e-03   1.530000000000e+03   6.818289948664e+01
   4.798385390178e+01   7.964045681373e-03   1.532000000000e+03   6.669546017056e+01
   4.593359469942e+01   7.885687327718e-03   1.534000000000e+03   6.500411180720e+01
   4.453407188442e+01   7.819283088340e-03   1.536000000000e+03   6.350895739948e+01
   4.377774809110e+01   7.778697990913e-03   1.538000000000e+03   6.257093188128e+01
   4.365721086597e+01   7.771913421452e-03   1.540000000000e+03   6.241249473282e+01
   4.417105416477e+01   7.800227033295e-03   1.542000000000e+03   6.307065318033e+01
   4.532483960420e+01   7.858154036098e-03   1.544000000000e+03   6.439052789071e+01
   4.712704409440e+01   7.933904667735e-03   1.546000000000e+03   6.605500922981e+01
   4.958040516439e+01   8.010931024576e-03   1.548000000000e+03   6.766431029740e+01
   5.266970345790e+01   8.071262365052e-03   1.550000000000e+03   6.885749491635e+01
   5.634786287783e+01   8.100722775819e-03   1.552000000000e+03   6.941639574658e+01
   6.052323705544e+01   8.094541070949e-03   1.554000000000e+03   6.930047571499e+01
   6.505177428723e+01   8.060205219599e-03   1.556000000000e+03   6.864359081008e+01
   6.973782821234e+01   8.014645413502e-03   1.558000000000e+03   6.773956434654e+01
   7.434602646223e+01   7.976208633277e-03   1.560000000000e+03   6.695008997685e+01
   7.862352771905e+01   7.956232440508e-03   1.562000000000e+03   6.653071683964e+01
   8.232793270164e+01   7.955613301978e-03   1.564000000000e+03   6.651762346607e+01
   8.525309468209e+01   7.967369141629e-03   1.566000000000e+03   6.676525899100e+01
   8.724550534316e+01   7.981776695904e-03   1.568000000000e+03   6.706590148213e+01
   8.820858964370e+01   7.990614596284e-03   1.570000000000e+03   6.724873251814e+01
   8.809875167915e+01   7.989544862374e-03   1.572000000000e+03   6.722666797312e+01
   8.692084832836e+01   7.979072907575e-03   1.574000000000e+03   6.700972453558e+01
   8.472880276884e+01   7.964443828568e-03   1.576000000000e+03   6.670383075724e+01
   8.163063060556e+01   7.954434995088e-03   1.578000000000e+03   6.649268933298e+01
   7.779128724271e+01   7.958614887292e-03   1.580000000000e+03   6.658104729523e+01
   7.342601851675e+01   7.982758022032e-03   1.582000000000e+03   6.708626256968e+01
   6.878163518174e+01   8.023886568995e-03   1.584000000000e+03   6.792579924387e+01
   6.410960135237e+01   8.068741970948e-03   1.586000000000e+03   6.880893209508e+01
   5.963870782199e+01   8.098502502643e-03   1.588000000000e+03   6.937484500001e+01
   5.555468027304e+01   8.097632659123e-03   1.590000000000e+03   6.935854079550e+01
   5.199063204699e+01   8.061121208125e-03   1.592000000000e+03   6.866139473963e+01
   4.902827964871e+01   7.996029316759e-03   1.594000000000e+03   6.736013959821e+01
   4.670709127189e+01   7.917785844321e-03   1.596000000000e+03   6.570719295163e+01
   4.503752103246e+01   7.844442882020e-03   1.598000000000e+03   6.408154975315e+01
   4.401476619312e+01   7.791782948389e-03   1.600000000000e+03   6.287521351544e+01
   4.363038094916e+01   7.770391258574e-03   1.602000000000e+03   6.237688696663e+01
   4.388005472836e+01   7.784387449334e-03   1.604000000000e+03   6.270344669062e+01
   4.476665945957e+01   7.831087897469e-03   1.606000000000e+03   6.377850072069e+01
   4.629826270536e+01   7.901215566647e-03   1.608000000000e+03   6.534593748234e+01
   4.848130132055e+01   7.979912939181e-03   1.610000000000e+03   6.702719009733e+01
   5.130967065533e+01   8.049262522951e-03   1.612000000000e+03   6.842974307155e+01
   5.475123367278e+01   8.092794152005e-03   1.614000000000e+03   6.926758532697e+01
   5.873420329867e+01   8.101237228410e-03   1.616000000000e+03   6.942600984341e+01
   6.313679963073e+01   8.076957099285e-03   1.618000000000e+03   6.896679259230e+01
   6.778405456236e+01   8.033701096552e-03   1.620000000000e+03   6.812201752932e+01
   7.245494893745e+01   7.990371540515e-03   1.622000000000e+03   6.724372078670e+01
   7.690068694951e+01   7.962011649361e-03   1.624000000000e+03   6.665265991744e+01
   8.087107862501e+01   7.953847421392e-03   1.626000000000e+03   6.648024805592e+01
   8.414223885876e+01   7.961596714660e-03   1.628000000000e+03   6.664392123036e+01
   8.653756809350e+01   7.976059534723e-03   1.630000000000e+03   6.694698226854e+01
   8.793697469098e+01   7.987998263131e-03   1.632000000000e+03   6.719473563018e+01
   8.827552506273e+01   7.991274298496e-03   1.634000000000e+03   6.726233066058e+01
   8.753820857331e+01   7.984333400763e-03   1.636000000000e+03   6.711891803908e+01
   8.575808066131e+01   7.970527255649e-03   1.638000000000e+03   6.683143069640e+01
   8.301999908139e+01   7.957395253668e-03   1.640000000000e+03   6.655529238614e+01
   7.946536960308e+01   7.954632410577e-03   1.642000000000e+03   6.649686826547e+01
   7.529012435745e+01   7.970238910176e-03   1.644000000000e+03   6.682539528973e+01
   7.073089881232e+01   8.005358861656e-03   1.646000000000e+03   6.755099348790e+01
   6.604070819569e+01   8.050810690008e-03   1.648000000000e+03   6.846012694899e+01
   6.146078302618e+01   8.089135686423e-03   1.650000000000e+03   6.919851779997e+01
   5.719658111559e+01   8.102323898422e-03   1.652000000000e+03   6.944630081935e+01
   5.340352560401e+01   8.080432347030e-03   1.654000000000e+03   6.903319857646e+01
   5.018396996272e+01   8.025708328530e-03   1.656000000000e+03   6.796234420524e+01
   4.759349284108e+01   7.950762532962e-03   1.658000000000e+03   6.641484552626e+01
   4.565290334431e+01   7.873245307641e-03   1.660000000000e+03   6.472800085771e+01
   4.436216233516e+01   7.810355547489e-03   1.662000000000e+03   6.330409914102e+01
   4.371314659861e+01   7.775072788484e-03   1.664000000000e+03   6.248632988351e+01
   4.369917165506e+01   7.774285235824e-03   1.666000000000e+03   6.246793365767e+01
   4.432007380907e+01   7.808143408779e-03   1.668000000000e+03   6.325320541546e+01
   4.558232166638e+01   7.870048787133e-03   1.670000000000e+03   6.465675229004e+01
   4.749414631473e+01   7.947262880797e-03   1.672000000000e+03   6.634048130297e+01
   5.005619477856e+01   8.022708772380e-03   1.674000000000e+03   6.790214265351e+01
   5.324887207761e+01   8.078649024640e-03   1.676000000000e+03   6.899915028142e+01
   5.701841323084e+01   8.102126365801e-03   1.678000000000e+03   6.944261405772e+01
   6.126471661844e+01   8.090359698667e-03   1.680000000000e+03   6.922165385261e+01
   6.583471492797e+01   8.052795489669e-03   1.682000000000e+03   6.849901821771e+01
   7.052493952850e+01   8.007252287241e-03   1.684000000000e+03   6.758955544623e+01
   7.509528910752e+01   7.971404976397e-03   1.686000000000e+03   6.684979463569e+01
   7.929267776677e+01   7.954892860140e-03   1.688000000000e+03   6.650238063839e+01
   8.287917743720e+01   7.956982901694e-03   1.690000000000e+03   6.654657979652e+01
   8.565667762386e+01   7.969866247655e-03   1.692000000000e+03   6.681759315871e+01
   8.748124838425e+01   7.983827017121e-03   1.694000000000e+03   6.710842560948e+01
   8.826561633232e+01   7.991176267263e-03   1.696000000000e+03   6.726031042237e+01
   8.797455258940e+01   7.988354432804e-03   1.698000000000e+03   6.720209273379e+01
   8.662095221417e+01   7.976698648768e-03   1.700000000000e+03   6.696030111849e+01
   8.426743917253e+01   7.962166768798e-03   1.702000000000e+03   6.665592613291e+01
   8.103158593728e+01   7.953911654887e-03   1.704000000000e+03   6.648160838228e+01
   7.708760213986e+01   7.961228081146e-03   1.706000000000e+03   6.663615550798e+01
   7.265765371463e+01   7.988727350652e-03   1.708000000000e+03   6.720979365283e+01
   6.799133275686e+01   8.031654568482e-03   1.710000000000e+03   6.808123701167e+01
   6.333809119825e+01   8.075316114375e-03   1.712000000000e+03   6.893535867118e+01
   5.892063517818e+01   8.100791054306e-03   1.714000000000e+03   6.941767202848e+01
   5.491619806267e+01   8.093934613485e-03   1.716000000000e+03   6.928906410762e+01
   5.144890488791e+01   8.051829187575e-03   1.718000000000e+03   6.848009264843e+01
   4.859256819076e+01   7.983302839804e-03   1.720000000000e+03   6.709756027851e+01
   4.638079735451e+01   7.904631595215e-03   1.722000000000e+03   6.542071219830e+01
   4.482054960180e+01   7.833778462905e-03   1.724000000000e+03   6.383971785197e+01
   4.390568563590e+01   7.785802948724e-03   1.726000000000e+03   6.273636547050e+01
   4.362803230607e+01   7.770257802455e-03   1.728000000000e+03   6.237376398040e+01
   4.398440970749e+01   7.790125911121e-03   1.730000000000e+03   6.283677542408e+01
   4.497883925831e+01   7.841585099814e-03   1.732000000000e+03   6.401687321907e+01
   4.661971584946e+01   7.914317938955e-03   1.734000000000e+03   6.563189363363e+01
   4.891222432129e+01   7.992724049094e-03   1.736000000000e+03   6.729218952045e+01
   5.184686583573e+01   8.058761458607e-03   1.738000000000e+03   6.861549812368e+01
   5.538574642659e+01   8.096762661592e-03   1.740000000000e+03   6.934221924350e+01
   5.944924994985e+01   8.099191318542e-03   1.742000000000e+03   6.938774578165e+01
   6.390662667330e+01   8.070512277135e-03   1.744000000000e+03   6.884305436985e+01
   6.857435473319e+01   8.025916113691e-03   1.746000000000e+03   6.796650887775e+01
   7.322518466963e+01   7.984276538315e-03   1.748000000000e+03   6.711774003051e+01
   7.760810447471e+01   7.959243241297e-03   1.750000000000e+03   6.659430758402e+01
   8.147549744788e+01   7.954256352410e-03   1.752000000000e+03   6.648890729285e+01
   8.461024813523e+01   7.963832180582e-03   1.754000000000e+03   6.669097058239e+01
   8.684495368391e+01   7.978460864031e-03   1.756000000000e+03   6.699699233404e+01
   8.806909996225e+01   7.989258806316e-03   1.758000000000e+03   6.722076466595e+01
   8.822649727546e+01   7.990790511194e-03   1.760000000000e+03   6.725235924478e+01
   8.731018340475e+01   7.982331929218e-03   1.762000000000e+03   6.707742360324e+01
   8.536154641343e+01   7.968019183281e-03   1.764000000000e+03   6.677889160121e+01
   8.247470783140e+01   7.955940015920e-03   1.766000000000e+03   6.652453342907e+01
   7.880067203540e+01   7.955827130685e-03   1.768000000000e+03   6.652214609722e+01
   7.454352085792e+01   7.974894421749e-03   1.770000000000e+03   6.692268569950e+01
   6.994455184813e+01   8.012681735889e-03   1.772000000000e+03   6.769980825424e+01
   6.525674906856e+01   8.058288730763e-03   1.774000000000e+03   6.860629168657e+01
   6.071678903269e+01   8.093520867073e-03   1.776000000000e+03   6.928127470336e+01
   5.652240479204e+01   8.101191079346e-03   1.778000000000e+03   6.942514761673e+01
   5.282001657032e+01   8.073288618602e-03   1.780000000000e+03   6.889645252518e+01
   4.970346765236e+01   8.014070309981e-03   1.782000000000e+03   6.772792753989e+01
   4.722155363645e+01   7.937408330542e-03   1.784000000000e+03   6.613013095623e+01
   4.539060289084e+01   7.861227130436e-03   1.786000000000e+03   6.445947309716e+01
   4.420839186263e+01   7.802222859516e-03   1.788000000000e+03   6.311673908433e+01
   4.366648340202e+01   7.772438468751e-03   1.790000000000e+03   6.242477191294e+01
   4.375906585341e+01   7.777652209663e-03   1.792000000000e+03   6.254653950779e+01
   4.448722104674e+01   7.816867182930e-03   1.794000000000e+03   6.345360522531e+01
   4.585818578292e+01   7.882386906461e-03   1.796000000000e+03   6.493105952507e+01
   4.787967847423e+01   7.960573238708e-03   1.798000000000e+03   6.662235544075e+01
   5.054989313168e+01   8.033924165636e-03   1.800000000000e+03   6.812645823192e+01
   5.384445835923e+01   8.085093513265e-03   1.802000000000e+03   6.912191322796e+01
   5.770256739695e+01   8.102503491035e-03   1.804000000000e+03   6.944965209539e+01
   6.201546709384e+01   8.085428111315e-03   1.806000000000e+03   6.912826593994e+01
   6.662114185651e+01   8.045160696171e-03   1.808000000000e+03   6.834903836664e+01
   7.130869281160e+01   8.000153680284e-03   1.810000000000e+03   6.744468415434e+01
   7.583397107299e+01   7.967173672348e-03   1.812000000000e+03   6.676115838003e+01
   7.994446134758e+01   7.954095923400e-03   1.814000000000e+03   6.648551045367e+01
   8.340742100872e+01   7.958661497995e-03   1.816000000000e+03   6.658203113218e+01
   8.603318598526e+01   7.972388576380e-03   1.818000000000e+03   6.687035987871e+01
   8.768746258391e+01   7.985680572655e-03   1.820000000000e+03   6.714681237381e+01
   8.829212879929e+01   7.991438856640e-03   1.822000000000e+03   6.726572155085e+01
   8.782019952431e+01   7.986903332756e-03   1.824000000000e+03   6.717210607681e+01
   8.629265828365e+01   7.974235265794e-03   1.826000000000e+03   6.690893083914e+01
   8.378099571110e+01   7.960066198496e-03   1.828000000000e+03   6.661166574958e+01
   8.041240628444e+01   7.953839191532e-03   1.830000000000e+03   6.648007376093e+01
   7.637011208104e+01   7.964434689642e-03   1.832000000000e+03   6.670363864850e+01
   7.188260654252e+01   7.995157859187e-03   1.834000000000e+03   6.734224094837e+01
   6.720146395773e+01   8.039454178280e-03   1.836000000000e+03   6.823627281246e+01
   6.257335517451e+01   8.081364190188e-03   1.838000000000e+03   6.905096643457e+01
   5.821436485285e+01   8.102137720976e-03   1.840000000000e+03   6.944282601179e+01
   5.429302017044e+01   8.089211497397e-03   1.842000000000e+03   6.919995158535e+01
   5.092454460001e+01   8.041772719042e-03   1.844000000000e+03   6.828215730367e+01
   4.817514176606e+01   7.970286128346e-03   1.846000000000e+03   6.682638370750e+01
   4.607295338380e+01   7.891705704488e-03   1.848000000000e+03   6.513696583631e+01
   4.462182875492e+01   7.823773955351e-03   1.850000000000e+03   6.361168061187e+01
   4.381460826412e+01   7.780755132928e-03   1.852000000000e+03   6.261888236684e+01
   4.364359182425e+01   7.771141309364e-03   1.854000000000e+03   6.239443560185e+01
   4.410679310166e+01   7.796772681936e-03   1.856000000000e+03   6.299079044165e+01
   4.520930243808e+01   7.852696384658e-03   1.858000000000e+03   6.426780658252e+01
   4.695962572641e+01   7.927586973320e-03   1.860000000000e+03   6.591911483977e+01
   4.936136767803e+01   8.005180406836e-03   1.862000000000e+03   6.754735602937e+01
   5.240124159024e+01   8.067448569256e-03   1.864000000000e+03   6.878396599968e+01
   5.603521151616e+01   8.099696242986e-03   1.866000000000e+03   6.939719670115e+01
   6.017555692391e+01   8.096239314413e-03   1.868000000000e+03   6.933239405316e+01
   6.468250469391e+01   8.063608299188e-03   1.870000000000e+03   6.870965990631e+01
   6.936423391683e+01   8.018228082734e-03   1.872000000000e+03   6.781193382391e+01
   7.398783792989e+01   7.978676636093e-03   1.874000000000e+03   6.700148165080e+01
   7.830087389019e+01   7.957063187092e-03   1.876000000000e+03   6.654827634490e+01
   8.205908416990e+01   7.955086005108e-03   1.878000000000e+03   6.650646787506e+01
   8.505267660678e+01   7.966208421285e-03   1.880000000000e+03   6.674090061285e+01
   8.712364221709e+01   7.980745527540e-03   1.882000000000e+03   6.704449012841e+01
   8.817095352015e+01   7.990246258217e-03   1.884000000000e+03   6.724113714192e+01
   8.814700330040e+01   7.990012834565e-03   1.886000000000e+03   6.723632268227e+01
   8.705285028144e+01   7.980155490490e-03   1.888000000000e+03   6.703223108505e+01
   8.493835317454e+01   7.965569873375e-03   1.890000000000e+03   6.672749166280e+01
   8.190703431126e+01   7.954828408071e-03   1.892000000000e+03   6.650101661379e+01
   7.811939942650e+01   7.957582395011e-03   1.894000000000e+03   6.655924566727e+01
   7.378722548508e+01   7.980105163612e-03   1.896000000000e+03   6.703118520729e+01
   6.915573237836e+01   8.020244243299e-03   1.898000000000e+03   6.785256625791e+01
   6.447706244691e+01   8.065471060016e-03   1.900000000000e+03   6.874573612781e+01
   5.998268664434e+01   8.097103968052e-03   1.902000000000e+03   6.934862403150e+01
   5.586226196973e+01   8.099022481948e-03   1.904000000000e+03   6.938458449417e+01
   5.225317585927e+01   8.065236587223e-03   1.906000000000e+03   6.874119852547e+01
   4.924098331566e+01   8.001930006624e-03   1.908000000000e+03   6.748101258702e+01
   4.686806131574e+01   7.924071181930e-03   1.910000000000e+03   6.584324831871e+01
   4.514665763167e+01   7.849705836924e-03   1.912000000000e+03   6.420041113708e+01
   4.407271748732e+01   7.794930979356e-03   1.914000000000e+03   6.294816090639e+01
   4.363774209076e+01   7.770809320399e-03   1.916000000000e+03   6.238666885836e+01
   4.383691423542e+01   7.781996028625e-03   1.918000000000e+03   6.264778652166e+01
   4.467254023986e+01   7.826348681547e-03   1.920000000000e+03   6.367047415830e+01
   4.615246337072e+01   7.895092635785e-03   1.922000000000e+03   6.521152612255e+01
   4.828360356360e+01   7.973747106826e-03   1.924000000000e+03   6.689873995230e+01
   5.106132808795e+01   8.044499126855e-03   1.926000000000e+03   6.833599422590e+01
   5.445608959545e+01   8.090557424719e-03   1.928000000000e+03   6.922538858230e+01
   5.839970501248e+01   8.101876016777e-03   1.930000000000e+03   6.943794044809e+01
   6.277461082533e+01   8.079822981635e-03   1.932000000000e+03   6.902157082479e+01
   6.740996284849e+01   8.037396326675e-03   1.934000000000e+03   6.819546960211e+01
   7.208787836125e+01   7.993417601677e-03   1.936000000000e+03   6.730646205245e+01
   7.656087874940e+01   7.963530016040e-03   1.938000000000e+03   6.668461536573e+01
   8.057783476662e+01   7.953812326720e-03   1.940000000000e+03   6.647950480113e+01
   8.391186365121e+01   7.960601073954e-03   1.942000000000e+03   6.662294216730e+01
   8.638209658374e+01   7.974892322747e-03   1.944000000000e+03   6.692264190939e+01
   8.786388444489e+01   7.987310834798e-03   1.946000000000e+03   6.718053035357e+01
   8.828809455884e+01   7.991398840192e-03   1.948000000000e+03   6.726489701009e+01
   8.763588615294e+01   7.985211721640e-03   1.950000000000e+03   6.713710763423e+01
   8.593641081766e+01   7.971722474833e-03   1.952000000000e+03   6.685643454725e+01
   8.327019205958e+01   7.958190834888e-03   1.954000000000e+03   6.657209511435e+01
   7.977407127219e+01   7.954255214691e-03   1.956000000000e+03   6.648888320474e+01
   7.563997966620e+01   7.968234526871e-03   1.958000000000e+03   6.678340635754e+01
   7.110209662149e+01   8.001995851038e-03   1.960000000000e+03   6.748235822271e+01
   6.641316748407e+01   8.047193540491e-03   1.962000000000e+03   6.838907204724e+01
   6.181634051904e+01   8.086799264045e-03   1.964000000000e+03   6.915427687992e+01
   5.752059343686e+01   8.102502598187e-03   1.966000000000e+03   6.944963543598e+01
   5.368558803435e+01   8.083485389274e-03   1.968000000000e+03   6.909135202345e+01
   5.041777555799e+01   8.031021277225e-03   1.970000000000e+03   6.806860314606e+01
   4.777606970694e+01   7.957067580384e-03   1.972000000000e+03   6.654836917886e+01
   4.578354149735e+01   7.879089503598e-03   1.974000000000e+03   6.485793642529e+01
   4.444131318591e+01   7.814487466394e-03   1.976000000000e+03   6.339902027759e+01
   4.374150394788e+01   7.776667214496e-03   1.978000000000e+03   6.252355513196e+01
   4.367706507919e+01   7.773037005833e-03   1.980000000000e+03   6.243876425225e+01
   4.424724264171e+01   7.804290799018e-03   1.982000000000e+03   6.316444621983e+01
   4.545809158154e+01   7.864355785987e-03   1.984000000000e+03   6.452954779883e+01
   4.731799147356e+01   7.940937127656e-03   1.986000000000e+03   6.620561510311e+01
   4.982862382168e+01   8.017196115024e-03   1.988000000000e+03   6.779111002630e+01
   5.297251583852e+01   8.075265536233e-03   1.990000000000e+03   6.893438903274e+01
   5.669911532425e+01   8.101590526480e-03   1.992000000000e+03   6.943260933616e+01
   6.091235162218e+01   8.092437894766e-03   1.994000000000e+03   6.926087073255e+01
   6.546342186803e+01   8.056338587465e-03   1.996000000000e+03   6.856827022096e+01
   7.015251648259e+01   8.010721334229e-03   1.998000000000e+03   6.766005517660e+01
   7.474169120938e+01   7.973609874914e-03   2.000000000000e+03   6.689587442008e+01
