ARMA_MAT_TXT_FN008
361 2
   5.000000000000e+01   2.520450000000e-02
   5.087262032198e+01   2.524833739913e-02
   5.174497483535e+01   2.528692182698e-02
   5.261679781249e+01   2.532089918513e-02
   5.348782368766e+01   2.535088046726e-02
   5.435778713795e+01   2.537744018070e-02
   5.522642316406e+01   2.540111500488e-02
   5.609346717105e+01   2.542240268844e-02
   5.695865504891e+01   2.544176118565e-02
   5.782172325302e+01   2.545960803153e-02
   5.868240888447e+01   2.547631995383e-02
   5.954044977006e+01   2.549223271901e-02
   6.039558454223e+01   2.550764120810e-02
   6.124755271864e+01   2.552279971737e-02
   6.209609478153e+01   2.553792247745e-02
   6.294095225678e+01   2.555318438387e-02
   6.378186779260e+01   2.556872193071e-02
   6.461858523799e+01   2.558463433819e-02
   6.545084972070e+01   2.560098486442e-02
   6.627840772490e+01   2.561780229033e-02
   6.710100716842e+01   2.563508256645e-02
   6.791839747950e+01   2.565279060919e-02
   6.873032967312e+01   2.567086223394e-02
   6.953655642688e+01   2.568920621166e-02
   7.033683215629e+01   2.570770643513e-02
   7.113091308962e+01   2.572622418075e-02
   7.191855734212e+01   2.574460045130e-02
   7.269952498972e+01   2.576265838521e-02
   7.347357814211e+01   2.578020571713e-02
   7.424048101521e+01   2.579703727524e-02
   7.500000000296e+01   2.581293750006e-02
   7.575190374853e+01   2.582768297014e-02
   7.649596321475e+01   2.584104491985e-02
   7.723195175390e+01   2.585279173483e-02
   7.795964517675e+01   2.586269141092e-02
   7.867882182082e+01   2.587051396298e-02
   7.938926261794e+01   2.587603377000e-02
   8.009075116097e+01   2.587903184394e-02
   8.078307376969e+01   2.587929800997e-02
   8.146601955595e+01   2.587663298649e-02
   8.213938048782e+01   2.587085035415e-02
   8.280295145305e+01   2.586177840351e-02
   8.345653032150e+01   2.584926185221e-02
   8.409991800671e+01   2.583316342289e-02
   8.473291852656e+01   2.581336527440e-02
   8.535533906295e+01   2.578977027937e-02
   8.596699002057e+01   2.576230314241e-02
   8.656768508461e+01   2.573091135410e-02
   8.715724127753e+01   2.569556597680e-02
   8.773547901480e+01   2.565626225940e-02
   8.830222215961e+01   2.561302007924e-02
   8.885729807651e+01   2.556588421003e-02
   8.940053768398e+01   2.551492441621e-02
   8.993177550600e+01   2.546023537451e-02
   9.045084972236e+01   2.540193642503e-02
   9.095760221804e+01   2.534017115469e-02
   9.145187863132e+01   2.527510681712e-02
   9.193352840081e+01   2.520693359377e-02
   9.240240481132e+01   2.513586370207e-02
   9.285836503857e+01   2.506213035712e-02
   9.330127019264e+01   2.498598659438e-02
   9.373098536034e+01   2.490770396134e-02
   9.414737964626e+01   2.482757108719e-02
   9.455032621268e+01   2.474589213978e-02
   9.493970231816e+01   2.466298518001e-02
   9.531538935496e+01   2.457918042427e-02
   9.567727288519e+01   2.449481842588e-02
   9.602524267561e+01   2.441024818714e-02
   9.635919273124e+01   2.432582521373e-02
   9.667902132768e+01   2.424190952346e-02
   9.698463104202e+01   2.415886362188e-02
   9.727592878260e+01   2.407705045684e-02
   9.755282581729e+01   2.399683136488e-02
   9.781523780058e+01   2.391856402153e-02
   9.806308479924e+01   2.384260040823e-02
   9.829629131667e+01   2.376928480797e-02
   9.851478631589e+01   2.369895184169e-02
   9.871850324124e+01   2.363192455730e-02
   9.890738003854e+01   2.356851258263e-02
   9.908135917410e+01   2.350901035337e-02
   9.924038765219e+01   2.345369542652e-02
   9.938441703120e+01   2.340282688938e-02
   9.951340343838e+01   2.335664387347e-02
   9.962730758322e+01   2.331536418215e-02
   9.972609476941e+01   2.327918304011e-02
   9.980973490543e+01   2.324827197206e-02
   9.987820251367e+01   2.322277781722e-02
   9.993147673825e+01   2.320282188544e-02
   9.996954135130e+01   2.318849925983e-02
   9.999238475800e+01   2.317987825014e-02
   1.000000000000e+02   2.317700000000e-02
   9.999238475764e+01   2.317987825028e-02
   9.996954135059e+01   2.318849926010e-02
   9.993147673717e+01   2.320282188584e-02
   9.987820251224e+01   2.322277781776e-02
   9.980973490364e+01   2.324827197272e-02
   9.972609476727e+01   2.327918304090e-02
   9.962730758072e+01   2.331536418306e-02
   9.951340343552e+01   2.335664387450e-02
   9.938441702799e+01   2.340282689052e-02
   9.924038764863e+01   2.345369542777e-02
   9.908135917019e+01   2.350901035472e-02
   9.890738003427e+01   2.356851258408e-02
   9.871850323662e+01   2.363192455884e-02
   9.851478631093e+01   2.369895184331e-02
   9.829629131136e+01   2.376928480966e-02
   9.806308479359e+01   2.384260040999e-02
   9.781523779459e+01   2.391856402334e-02
   9.755282581095e+01   2.399683136674e-02
   9.727592877592e+01   2.407705045875e-02
   9.698463103501e+01   2.415886362381e-02
   9.667902132033e+01   2.424190952543e-02
   9.635919272356e+01   2.432582521571e-02
   9.602524266759e+01   2.441024818913e-02
   9.567727287685e+01   2.449481842787e-02
   9.531538934629e+01   2.457918042625e-02
   9.493970230916e+01   2.466298518198e-02
   9.455032620337e+01   2.474589214171e-02
   9.414737963663e+01   2.482757108909e-02
   9.373098535040e+01   2.490770396320e-02
   9.330127018239e+01   2.498598659619e-02
   9.285836502800e+01   2.506213035889e-02
   9.240240480045e+01   2.513586370377e-02
   9.193352838964e+01   2.520693359540e-02
   9.145187861985e+01   2.527510681868e-02
   9.095760220628e+01   2.534017115618e-02
   9.045084971031e+01   2.540193642644e-02
   8.993177549366e+01   2.546023537584e-02
   8.940053767136e+01   2.551492441745e-02
   8.885729806360e+01   2.556588421118e-02
   8.830222214643e+01   2.561302008030e-02
   8.773547900135e+01   2.565626226037e-02
   8.715724126381e+01   2.569556597767e-02
   8.656768507062e+01   2.573091135489e-02
   8.596699000633e+01   2.576230314310e-02
   8.535533904845e+01   2.578977027997e-02
   8.473291851180e+01   2.581336527491e-02
   8.409991799171e+01   2.583316342331e-02
   8.345653030626e+01   2.584926185254e-02
   8.280295143757e+01   2.586177840376e-02
   8.213938047211e+01   2.587085035432e-02
   8.146601954001e+01   2.587663298659e-02
   8.078307375353e+01   2.587929801000e-02
   8.009075114459e+01   2.587903184391e-02
   7.938926260135e+01   2.587603376990e-02
   7.867882180402e+01   2.587051396283e-02
   7.795964515975e+01   2.586269141071e-02
   7.723195173670e+01   2.585279173457e-02
   7.649596319736e+01   2.584104491956e-02
   7.575190373095e+01   2.582768296981e-02
   7.499999998520e+01   2.581293749970e-02
   7.424048099727e+01   2.579703727486e-02
   7.347357812400e+01   2.578020571673e-02
   7.269952497144e+01   2.576265838479e-02
   7.191855732368e+01   2.574460045087e-02
   7.113091307103e+01   2.572622418031e-02
   7.033683213755e+01   2.570770643470e-02
   6.953655640800e+01   2.568920621122e-02
   6.873032965410e+01   2.567086223351e-02
   6.791839746035e+01   2.565279060877e-02
   6.710100714915e+01   2.563508256604e-02
   6.627840770551e+01   2.561780228993e-02
   6.545084970119e+01   2.560098486403e-02
   6.461858521838e+01   2.558463433781e-02
   6.378186777289e+01   2.556872193034e-02
   6.294095223697e+01   2.555318438351e-02
   6.209609476163e+01   2.553792247709e-02
   6.124755269865e+01   2.552279971701e-02
   6.039558452216e+01   2.550764120775e-02
   5.954044974992e+01   2.549223271864e-02
   5.868240886427e+01   2.547631995344e-02
   5.782172323277e+01   2.545960803112e-02
   5.695865502860e+01   2.544176118521e-02
   5.609346715069e+01   2.542240268796e-02
   5.522642314366e+01   2.540111500436e-02
   5.435778711752e+01   2.537744018012e-02
   5.348782366720e+01   2.535088046660e-02
   5.261679779201e+01   2.532089918438e-02
   5.174497481486e+01   2.528692182613e-02
   5.087262030147e+01   2.524833739817e-02
   4.999999997949e+01   2.520449999890e-02
   4.912737965751e+01   2.515473063127e-02
   4.825502514415e+01   2.509831924480e-02
   4.738320216703e+01   2.503452700209e-02
   4.651217629188e+01   2.496258876300e-02
   4.564221284162e+01   2.488171577886e-02
   4.477357681554e+01   2.479109858789e-02
   4.390653280859e+01   2.468991010175e-02
   4.304134493078e+01   2.457730887221e-02
   4.217827672672e+01   2.445244252590e-02
   4.131759109533e+01   2.431445135406e-02
   4.045955020981e+01   2.416247204323e-02
   3.960441543771e+01   2.399564153219e-02
   3.875244726138e+01   2.381310097929e-02
   3.790390519857e+01   2.361399982391e-02
   3.705904772341e+01   2.339749992486e-02
   3.621813218768e+01   2.316277975817e-02
   3.538141474240e+01   2.290903865584e-02
   3.454915025980e+01   2.263550106721e-02
   3.372159225570e+01   2.234142082363e-02
   3.289899281230e+01   2.202608538740e-02
   3.208160250135e+01   2.168882006538e-02
   3.126967030786e+01   2.132899216775e-02
   3.046344355424e+01   2.094601509237e-02
   2.966316782497e+01   2.053935231519e-02
   2.886908689179e+01   2.010852126758e-02
   2.808144263945e+01   1.965309708121e-02
   2.730047499201e+01   1.917271618222e-02
   2.652642183978e+01   1.866707971603e-02
   2.575951896685e+01   1.813595678539e-02
   2.499999997928e+01   1.757918748438e-02
   2.424809623389e+01   1.699668571211e-02
   2.350403676785e+01   1.638844175038e-02
   2.276804822889e+01   1.575452459069e-02
   2.204035480625e+01   1.509508399668e-02
   2.132117816238e+01   1.441035228927e-02
   2.061073736546e+01   1.370064584268e-02
   1.990924882265e+01   1.296636628083e-02
   1.921692621414e+01   1.220800136460e-02
   1.853398042812e+01   1.142612556189e-02
   1.786061949647e+01   1.062140029343e-02
   1.719704853147e+01   9.794573849027e-03
   1.654346966326e+01   8.946480969761e-03
   1.590008197829e+01   8.078042093595e-03
   1.526708145869e+01   7.190262262842e-03
   1.464466092254e+01   6.284229693610e-03
   1.403300996518e+01   5.361114008692e-03
   1.343231490140e+01   4.422164136835e-03
   1.284275870875e+01   3.468705882766e-03
   1.226452097174e+01   2.502139173793e-03
   1.169777782721e+01   1.523934990184e-03
   1.114270191059e+01   5.356319879785e-04
   1.059946230339e+01   0.000000000000e+00
   1.006822448166e+01   0.000000000000e+00
   9.549150265580e+00   0.000000000000e+00
   9.042397770192e+00   0.000000000000e+00
   8.548121357211e+00   0.000000000000e+00
   8.066471588021e+00   0.000000000000e+00
   7.597595177808e+00   0.000000000000e+00
   7.141634950868e+00   0.000000000000e+00
   6.698729797105e+00   0.000000000000e+00
   6.269014629717e+00   0.000000000000e+00
   5.852620344108e+00   0.000000000000e+00
   5.449673778011e+00   0.000000000000e+00
   5.060297672854e+00   0.000000000000e+00
   4.684610636370e+00   0.000000000000e+00
   4.322727106469e+00   0.000000000000e+00
   3.974757316381e+00   0.000000000000e+00
   3.640807261075e+00   0.000000000000e+00
   3.320978664972e+00   0.000000000000e+00
   3.015368950962e+00   0.000000000000e+00
   2.724071210723e+00   0.000000000000e+00
   2.447174176369e+00   0.000000000000e+00
   2.184762193420e+00   0.000000000000e+00
   1.936915195107e+00   0.000000000000e+00
   1.703708678026e+00   0.000000000000e+00
   1.485213679143e+00   0.000000000000e+00
   1.281496754151e+00   0.000000000000e+00
   1.092619957198e+00   0.000000000000e+00
   9.186408219857e-01   0.000000000000e+00
   7.596123442452e-01   0.000000000000e+00
   6.155829655908e-01   0.000000000000e+00
   4.865965587667e-01   0.000000000000e+00
   3.726924142818e-01   0.000000000000e+00
   2.739052284420e-01   0.000000000000e+00
   1.902650927810e-01   0.000000000000e+00
   1.217974848945e-01   0.000000000000e+00
   6.852326067908e-02   0.000000000000e+00
   3.045864797949e-02   0.000000000000e+00
   7.615241645503e-03   0.000000000000e+00
   0.000000000000e+00   0.000000000000e+00
   7.615242719350e-03   0.000000000000e+00
   3.045865012685e-02   0.000000000000e+00
   6.852326389931e-02   0.000000000000e+00
   1.217974891866e-01   0.000000000000e+00
   1.902650981437e-01   0.000000000000e+00
   2.739052348736e-01   0.000000000000e+00
   3.726924217804e-01   0.000000000000e+00
   4.865965673300e-01   0.000000000000e+00
   6.155829752162e-01   0.000000000000e+00
   7.596123549297e-01   0.000000000000e+00
   9.186408337262e-01   0.000000000000e+00
   1.092619969990e+00   0.000000000000e+00
   1.281496767992e+00   0.000000000000e+00
   1.485213694029e+00   0.000000000000e+00
   1.703708693952e+00   0.000000000000e+00
   1.936915212067e+00   0.000000000000e+00
   2.184762211409e+00   0.000000000000e+00
   2.447174195383e+00   0.000000000000e+00
   2.724071230755e+00   0.000000000000e+00
   3.015368972006e+00   0.000000000000e+00
   3.320978687023e+00   0.000000000000e+00
   3.640807284124e+00   0.000000000000e+00
   3.974757340423e+00   0.000000000000e+00
   4.322727131495e+00   0.000000000000e+00
   4.684610662373e+00   0.000000000000e+00
   5.060297699827e+00   0.000000000000e+00
   5.449673805945e+00   0.000000000000e+00
   5.852620372995e+00   0.000000000000e+00
   6.269014659547e+00   0.000000000000e+00
   6.698729827870e+00   0.000000000000e+00
   7.141634982559e+00   0.000000000000e+00
   7.597595210414e+00   0.000000000000e+00
   8.066471621533e+00   0.000000000000e+00
   8.548121391618e+00   0.000000000000e+00
   9.042397805484e+00   0.000000000000e+00
   9.549150301747e+00   0.000000000000e+00
   1.006822451869e+01   0.000000000000e+00
   1.059946234127e+01   0.000000000000e+00
   1.114270194931e+01   5.356320579806e-04
   1.169777786676e+01   1.523935059530e-03
   1.226452101211e+01   2.502139242372e-03
   1.284275874992e+01   3.468705950472e-03
   1.343231494336e+01   4.422164203566e-03
   1.403301000792e+01   5.361114074353e-03
   1.464466096605e+01   6.284229758109e-03
   1.526708150295e+01   7.190262326094e-03
   1.590008202329e+01   8.078042155521e-03
   1.654346970898e+01   8.946481030287e-03
   1.719704857791e+01   9.794573908085e-03
   1.786061954360e+01   1.062140035096e-02
   1.853398047593e+01   1.142612561783e-02
   1.921692626263e+01   1.220800141891e-02
   1.990924887179e+01   1.296636633346e-02
   2.061073741524e+01   1.370064589359e-02
   2.132117821278e+01   1.441035233844e-02
   2.204035485726e+01   1.509508404407e-02
   2.276804828050e+01   1.575452463629e-02
   2.350403682003e+01   1.638844179417e-02
   2.424809628663e+01   1.699668575409e-02
   2.500000003256e+01   1.757918752454e-02
   2.575951902067e+01   1.813595682374e-02
   2.652642189411e+01   1.866707975257e-02
   2.730047504683e+01   1.917271621697e-02
   2.808144269475e+01   1.965309711420e-02
   2.886908694756e+01   2.010852129882e-02
   2.966316788119e+01   2.053935234471e-02
   3.046344361088e+01   2.094601512020e-02
   3.126967036491e+01   2.132899219393e-02
   3.208160255880e+01   2.168882008995e-02
   3.289899287012e+01   2.202608541040e-02
   3.372159231388e+01   2.234142084511e-02
   3.454915031831e+01   2.263550108721e-02
   3.538141480124e+01   2.290903867442e-02
   3.621813224683e+01   2.316277977538e-02
   3.705904778285e+01   2.339749994076e-02
   3.790390525827e+01   2.361399983855e-02
   3.875244732133e+01   2.381310099274e-02
   3.960441549790e+01   2.399564154450e-02
   4.045955027021e+01   2.416247205446e-02
   4.131759115593e+01   2.431445136427e-02
   4.217827678749e+01   2.445244253516e-02
   4.304134499171e+01   2.457730888057e-02
   4.390653286967e+01   2.468991010927e-02
   4.477357687673e+01   2.479109859464e-02
   4.564221290291e+01   2.488171578489e-02
   4.651217635326e+01   2.496258876837e-02
   4.738320222848e+01   2.503452700687e-02
   4.825502520564e+01   2.509831924903e-02
   4.912737971904e+01   2.515473063500e-02
   5.000000004102e+01   2.520450000219e-02
