ARMA_MAT_TXT_FN008
361 2
   6.442646851004e+01   2.520450000000e-02
   6.481168848807e+01   2.524833739913e-02
   6.515242217295e+01   2.528692182698e-02
   6.545377227403e+01   2.532089918513e-02
   6.572069437660e+01   2.535088046726e-02
   6.595794973867e+01   2.537744018070e-02
   6.617006553532e+01   2.540111500488e-02
   6.636130206537e+01   2.542240268844e-02
   6.653562638014e+01   2.544176118565e-02
   6.669669176193e+01   2.545960803153e-02
   6.684782246899e+01   2.547631995383e-02
   6.699200317286e+01   2.549223271901e-02
   6.713187253612e+01   2.550764120810e-02
   6.726972041450e+01   2.552279971737e-02
   6.740748820986e+01   2.553792247745e-02
   6.754677195373e+01   2.555318438387e-02
   6.768882775253e+01   2.556872193071e-02
   6.783457928144e+01   2.558463433819e-02
   6.798462707101e+01   2.560098486442e-02
   6.813925937901e+01   2.561780229033e-02
   6.829846449155e+01   2.563508256645e-02
   6.846194433741e+01   2.565279060919e-02
   6.862912933785e+01   2.567086223394e-02
   6.879919444304e+01   2.568920621166e-02
   6.897107632723e+01   2.570770643513e-02
   6.914349172981e+01   2.572622418075e-02
   6.931495693424e+01   2.574460045130e-02
   6.948380837867e+01   2.576265838521e-02
   6.964822437808e+01   2.578020571713e-02
   6.980624792945e+01   2.579703727524e-02
   6.995581054451e+01   2.581293750006e-02
   7.009475703404e+01   2.582768297014e-02
   7.022087113572e+01   2.584104491985e-02
   7.033190184707e+01   2.585279173483e-02
   7.042559029166e+01   2.586269141092e-02
   7.049969691666e+01   2.587051396298e-02
   7.055202878400e+01   2.587603377000e-02
   7.058046669479e+01   2.587903184394e-02
   7.058299185880e+01   2.587929800997e-02
   7.055771180314e+01   2.587663298649e-02
   7.050288520264e+01   2.587085035415e-02
   7.041694530610e+01   2.586177840351e-02
   7.029852163858e+01   2.584926185221e-02
   7.014645966544e+01   2.583316342289e-02
   6.995983812646e+01   2.581336527440e-02
   6.973798377022e+01   2.578977027937e-02
   6.948048325579e+01   2.576230314241e-02
   6.918719202816e+01   2.573091135410e-02
   6.885824001976e+01   2.569556597680e-02
   6.849403408260e+01   2.565626225940e-02
   6.809525711177e+01   2.561302007924e-02
   6.766286387471e+01   2.556588421003e-02
   6.719807362416e+01   2.551492441621e-02
   6.670235962377e+01   2.546023537451e-02
   6.617743577558e+01   2.540193642503e-02
   6.562524058545e+01   2.534017115469e-02
   6.504791875108e+01   2.527510681712e-02
   6.444780069458e+01   2.520693359377e-02
   6.382738039557e+01   2.513586370207e-02
   6.318929190236e+01   2.506213035712e-02
   6.253628491600e+01   2.498598659438e-02
   6.187119984595e+01   2.490770396134e-02
   6.119694273603e+01   2.482757108719e-02
   6.051646044471e+01   2.474589213978e-02
   5.983271644608e+01   2.466298518001e-02
   5.914866759019e+01   2.457918042427e-02
   5.846724212640e+01   2.449481842588e-02
   5.779131925626e+01   2.441024818714e-02
   5.712371043673e+01   2.432582521373e-02
   5.646714260821e+01   2.424190952346e-02
   5.582424347554e+01   2.415886362188e-02
   5.519752891679e+01   2.407705045684e-02
   5.458939255246e+01   2.399683136488e-02
   5.400209745492e+01   2.391856402153e-02
   5.343776994022e+01   2.384260040823e-02
   5.289839534100e+01   2.376928480797e-02
   5.238581562569e+01   2.369895184169e-02
   5.190172869941e+01   2.363192455730e-02
   5.144768919621e+01   2.356851258263e-02
   5.102511055448e+01   2.350901035337e-02
   5.063526815338e+01   2.345369542652e-02
   5.027930328114e+01   2.340282688938e-02
   4.995822770324e+01   2.335664387347e-02
   4.967292860180e+01   2.331536418215e-02
   4.942417366567e+01   2.327918304011e-02
   4.921261612198e+01   2.324827197206e-02
   4.903879951621e+01   2.322277781722e-02
   4.890316206714e+01   2.320282188544e-02
   4.880604044453e+01   2.318849925983e-02
   4.874767284319e+01   2.317987825014e-02
   4.872820125195e+01   2.317700000000e-02
   4.874767284414e+01   2.317987825028e-02
   4.880604044636e+01   2.318849926010e-02
   4.890316206985e+01   2.320282188584e-02
   4.903879951988e+01   2.322277781776e-02
   4.921261612649e+01   2.324827197272e-02
   4.942417367109e+01   2.327918304090e-02
   4.967292860807e+01   2.331536418306e-02
   4.995822771038e+01   2.335664387450e-02
   5.027930328909e+01   2.340282689052e-02
   5.063526816216e+01   2.345369542777e-02
   5.102511056403e+01   2.350901035472e-02
   5.144768920655e+01   2.356851258408e-02
   5.190172871048e+01   2.363192455884e-02
   5.238581563745e+01   2.369895184331e-02
   5.289839535338e+01   2.376928480966e-02
   5.343776995323e+01   2.384260040999e-02
   5.400209746844e+01   2.391856402334e-02
   5.458939256648e+01   2.399683136674e-02
   5.519752893134e+01   2.407705045875e-02
   5.582424349040e+01   2.415886362381e-02
   5.646714262354e+01   2.424190952543e-02
   5.712371045230e+01   2.432582521571e-02
   5.779131927208e+01   2.441024818913e-02
   5.846724214239e+01   2.449481842787e-02
   5.914866760627e+01   2.457918042625e-02
   5.983271646225e+01   2.466298518198e-02
   6.051646046071e+01   2.474589214171e-02
   6.119694275193e+01   2.482757108909e-02
   6.187119986167e+01   2.490770396320e-02
   6.253628493145e+01   2.498598659619e-02
   6.318929191761e+01   2.506213035889e-02
   6.382738041035e+01   2.513586370377e-02
   6.444780070887e+01   2.520693359540e-02
   6.504791876486e+01   2.527510681868e-02
   6.562524059873e+01   2.534017115618e-02
   6.617743578823e+01   2.540193642644e-02
   6.670235963579e+01   2.546023537584e-02
   6.719807363544e+01   2.551492441745e-02
   6.766286388523e+01   2.556588421118e-02
   6.809525712152e+01   2.561302008030e-02
   6.849403409156e+01   2.565626226037e-02
   6.885824002784e+01   2.569556597767e-02
   6.918719203552e+01   2.573091135489e-02
   6.948048326225e+01   2.576230314310e-02
   6.973798377586e+01   2.578977027997e-02
   6.995983813126e+01   2.581336527491e-02
   7.014645966941e+01   2.583316342331e-02
   7.029852164170e+01   2.584926185254e-02
   7.041694530847e+01   2.586177840376e-02
   7.050288520425e+01   2.587085035432e-02
   7.055771180409e+01   2.587663298659e-02
   7.058299185909e+01   2.587929801000e-02
   7.058046669451e+01   2.587903184391e-02
   7.055202878305e+01   2.587603376990e-02
   7.049969691523e+01   2.587051396283e-02
   7.042559028967e+01   2.586269141071e-02
   7.033190184461e+01   2.585279173457e-02
   7.022087113298e+01   2.584104491956e-02
   7.009475703093e+01   2.582768296981e-02
   6.995581054112e+01   2.581293749970e-02
   6.980624792588e+01   2.579703727486e-02
   6.964822437433e+01   2.578020571673e-02
   6.948380837474e+01   2.576265838479e-02
   6.931495693022e+01   2.574460045087e-02
   6.914349172570e+01   2.572622418031e-02
   6.897107632323e+01   2.570770643470e-02
   6.879919443896e+01   2.568920621122e-02
   6.862912933386e+01   2.567086223351e-02
   6.846194433353e+01   2.565279060877e-02
   6.829846448777e+01   2.563508256604e-02
   6.813925937532e+01   2.561780228993e-02
   6.798462706743e+01   2.560098486403e-02
   6.783457927795e+01   2.558463433781e-02
   6.768882774914e+01   2.556872193034e-02
   6.754677195044e+01   2.555318438351e-02
   6.740748820657e+01   2.553792247709e-02
   6.726972041122e+01   2.552279971701e-02
   6.713187253294e+01   2.550764120775e-02
   6.699200316951e+01   2.549223271864e-02
   6.684782246546e+01   2.547631995344e-02
   6.669669175823e+01   2.545960803112e-02
   6.653562637617e+01   2.544176118521e-02
   6.636130206105e+01   2.542240268796e-02
   6.617006553065e+01   2.540111500436e-02
   6.595794973348e+01   2.537744018012e-02
   6.572069437072e+01   2.535088046660e-02
   6.545377226737e+01   2.532089918438e-02
   6.515242216542e+01   2.528692182613e-02
   6.481168847961e+01   2.524833739817e-02
   6.442646850040e+01   2.520449999890e-02
   6.399156744787e+01   2.515473063127e-02
   6.350176166389e+01   2.509831924480e-02
   6.295187009283e+01   2.503452700209e-02
   6.233683402093e+01   2.496258876300e-02
   6.165180484020e+01   2.488171577886e-02
   6.089223936407e+01   2.479109858789e-02
   6.005400195246e+01   2.468991010175e-02
   5.913347241090e+01   2.457730887221e-02
   5.812765831199e+01   2.445244252590e-02
   5.703431005513e+01   2.431445135406e-02
   5.585203663889e+01   2.416247204323e-02
   5.458041978209e+01   2.399564153219e-02
   5.322012369601e+01   2.381310097929e-02
   5.177299750366e+01   2.361399982391e-02
   5.024216702425e+01   2.339749992486e-02
   4.863211241342e+01   2.316277975817e-02
   4.694872797699e+01   2.290903865584e-02
   4.519936038308e+01   2.263550106721e-02
   4.339282148109e+01   2.234142082363e-02
   4.153937202656e+01   2.202608538740e-02
   3.965067280219e+01   2.168882006538e-02
   3.773969993800e+01   2.132899216775e-02
   3.582062166734e+01   2.094601509237e-02
   3.390863431672e+01   2.053935231519e-02
   3.201975601558e+01   2.010852126758e-02
   3.017057742167e+01   1.965309708121e-02
   2.837796968747e+01   1.917271618222e-02
   2.665875092070e+01   1.866707971603e-02
   2.502931351403e+01   1.813595678539e-02
   2.350521590427e+01   1.757918748438e-02
   2.210074355326e+01   1.699668571211e-02
   2.082844518854e+01   1.638844175038e-02
   1.969865157347e+01   1.575452459069e-02
   1.871898525732e+01   1.509508399668e-02
   1.789387085271e+01   1.441035228927e-02
   1.722405636118e+01   1.370064584268e-02
   1.670615688322e+01   1.296636628083e-02
   1.633223266832e+01   1.220800136460e-02
   1.608941385238e+01   1.142612556189e-02
   1.595958436125e+01   1.062140029343e-02
   1.591913730594e+01   9.794573849027e-03
   1.593881373586e+01   8.946480969761e-03
   1.598363583713e+01   8.078042093595e-03
   1.601294455778e+01   7.190262262842e-03
   1.598055021109e+01   6.284229693610e-03
   1.583500286368e+01   5.361114008692e-03
   1.551998727482e+01   4.422164136835e-03
   1.497484484671e+01   3.468705882766e-03
   1.413522250937e+01   2.502139173793e-03
   1.293384574434e+01   1.523934990184e-03
   1.130141010240e+01   5.356319879785e-04
   1.021955600000e+01   0.000000000000e+00
   1.021955600000e+01   0.000000000000e+00
   1.021955600000e+01   0.000000000000e+00
   1.021955600000e+01   0.000000000000e+00
   1.021955600000e+01   0.000000000000e+00
   1.021955600000e+01   0.000000000000e+00
   1.021955600000e+01   0.000000000000e+00
   1.021955600000e+01   0.000000000000e+00
   1.021955600000e+01   0.000000000000e+00
   1.021955600000e+01   0.000000000000e+00
   1.021955600000e+01   0.000000000000e+00
   1.021955600000e+01   0.000000000000e+00
   1.021955600000e+01   0.000000000000e+00
   1.021955600000e+01   0.000000000000e+00
   1.021955600000e+01   0.000000000000e+00
   1.021955600000e+01   0.000000000000e+00
   1.021955600000e+01   0.000000000000e+00
   1.021955600000e+01   0.000000000000e+00
   1.021955600000e+01   0.000000000000e+00
   1.021955600000e+01   0.000000000000e+00
   1.021955600000e+01   0.000000000000e+00
   1.021955600000e+01   0.000000000000e+00
   1.021955600000e+01   0.000000000000e+00
   1.021955600000e+01   0.000000000000e+00
   1.021955600000e+01   0.000000000000e+00
   1.021955600000e+01   0.000000000000e+00
   1.021955600000e+01   0.000000000000e+00
   1.021955600000e+01   0.000000000000e+00
   1.021955600000e+01   0.000000000000e+00
   1.021955600000e+01   0.000000000000e+00
   1.021955600000e+01   0.000000000000e+00
   1.021955600000e+01   0.000000000000e+00
   1.021955600000e+01   0.000000000000e+00
   1.021955600000e+01   0.000000000000e+00
   1.021955600000e+01   0.000000000000e+00
   1.021955600000e+01   0.000000000000e+00
   1.021955600000e+01   0.000000000000e+00
   1.021955600000e+01   0.000000000000e+00
   1.021955600000e+01   0.000000000000e+00
   1.021955600000e+01   0.000000000000e+00
   1.021955600000e+01   0.000000000000e+00
   1.021955600000e+01   0.000000000000e+00
   1.021955600000e+01   0.000000000000e+00
   1.021955600000e+01   0.000000000000e+00
   1.021955600000e+01   0.000000000000e+00
   1.021955600000e+01   0.000000000000e+00
   1.021955600000e+01   0.000000000000e+00
   1.021955600000e+01   0.000000000000e+00
   1.021955600000e+01   0.000000000000e+00
   1.021955600000e+01   0.000000000000e+00
   1.021955600000e+01   0.000000000000e+00
   1.021955600000e+01   0.000000000000e+00
   1.021955600000e+01   0.000000000000e+00
   1.021955600000e+01   0.000000000000e+00
   1.021955600000e+01   0.000000000000e+00
   1.021955600000e+01   0.000000000000e+00
   1.021955600000e+01   0.000000000000e+00
   1.021955600000e+01   0.000000000000e+00
   1.021955600000e+01   0.000000000000e+00
   1.021955600000e+01   0.000000000000e+00
   1.021955600000e+01   0.000000000000e+00
   1.021955600000e+01   0.000000000000e+00
   1.021955600000e+01   0.000000000000e+00
   1.021955600000e+01   0.000000000000e+00
   1.021955600000e+01   0.000000000000e+00
   1.021955600000e+01   0.000000000000e+00
   1.021955600000e+01   0.000000000000e+00
   1.021955600000e+01   0.000000000000e+00
   1.021955600000e+01   0.000000000000e+00
   1.021955600000e+01   0.000000000000e+00
   1.021955600000e+01   0.000000000000e+00
   1.021955600000e+01   0.000000000000e+00
   1.021955600000e+01   0.000000000000e+00
   1.021955600000e+01   0.000000000000e+00
   1.021955600000e+01   0.000000000000e+00
   1.021955600000e+01   0.000000000000e+00
   1.021955600000e+01   0.000000000000e+00
   1.130141023435e+01   5.356320579806e-04
   1.293384584342e+01   1.523935059530e-03
   1.413522258052e+01   2.502139242372e-03
   1.497484489476e+01   3.468705950472e-03
   1.551998730441e+01   4.422164203566e-03
   1.583500287923e+01   5.361114074353e-03
   1.598055021673e+01   6.284229758109e-03
   1.601294455732e+01   7.190262326094e-03
   1.598363583401e+01   8.078042155521e-03
   1.593881373314e+01   8.946481030287e-03
   1.591913730629e+01   9.794573908085e-03
   1.595958436694e+01   1.062140035096e-02
   1.608941386527e+01   1.142612561783e-02
   1.633223268988e+01   1.220800141891e-02
   1.670615691454e+01   1.296636633346e-02
   1.722405640299e+01   1.370064589359e-02
   1.789387090540e+01   1.441035233844e-02
   1.871898532098e+01   1.509508404407e-02
   1.969865164791e+01   1.575452463629e-02
   2.082844527333e+01   1.638844179417e-02
   2.210074364776e+01   1.699668575409e-02
   2.350521600767e+01   1.757918752454e-02
   2.502931362538e+01   1.813595682374e-02
   2.665875103892e+01   1.866707975257e-02
   2.837796981144e+01   1.917271621697e-02
   3.017057755027e+01   1.965309711420e-02
   3.201975614756e+01   2.010852129882e-02
   3.390863445091e+01   2.053935234471e-02
   3.582062180258e+01   2.094601512020e-02
   3.773970007319e+01   2.132899219393e-02
   3.965067293632e+01   2.168882008995e-02
   4.153937215863e+01   2.202608541040e-02
   4.339282161027e+01   2.234142084511e-02
   4.519936050854e+01   2.263550108721e-02
   4.694872809811e+01   2.290903867442e-02
   4.863211252959e+01   2.316277977538e-02
   5.024216713506e+01   2.339749994076e-02
   5.177299760868e+01   2.361399983855e-02
   5.322012379506e+01   2.381310099274e-02
   5.458041987492e+01   2.399564154450e-02
   5.585203672541e+01   2.416247205446e-02
   5.703431013533e+01   2.431445136427e-02
   5.812765838600e+01   2.445244253516e-02
   5.913347247876e+01   2.457730888057e-02
   6.005400201437e+01   2.468991010927e-02
   6.089223942034e+01   2.479109859464e-02
   6.165180489102e+01   2.488171578489e-02
   6.233683406664e+01   2.496258876837e-02
   6.295187013388e+01   2.503452700687e-02
   6.350176170049e+01   2.509831924903e-02
   6.399156748037e+01   2.515473063500e-02
   6.442646852924e+01   2.520450000219e-02
