ARMA_MAT_TXT_FN008
101 8
   1.258500000000e+01   0.000000000000e+00   0.000000000000e+00   0.000000000000e+00   0.000000000000e+00   0.000000000000e+00   0.000000000000e+00   0.000000000000e+00
   2.587900000000e+01   0.000000000000e+00   0.000000000000e+00   0.000000000000e+00   0.000000000000e+00   0.000000000000e+00   0.000000000000e+00   0.000000000000e+00
   3.850000000000e+01   0.000000000000e+00   0.000000000000e+00   0.000000000000e+00   0.000000000000e+00   0.000000000000e+00   0.000000000000e+00   0.000000000000e+00
   5.171000000000e+01   0.000000000000e+00   0.000000000000e+00   0.000000000000e+00   0.000000000000e+00   0.000000000000e+00   0.000000000000e+00   0.000000000000e+00
   6.511400000000e+01   0.000000000000e+00   0.000000000000e+00   0.000000000000e+00   0.000000000000e+00   0.000000000000e+00   0.000000000000e+00   0.000000000000e+00
   7.851700000000e+01   0.000000000000e+00   0.000000000000e+00   0.000000000000e+00   0.000000000000e+00   0.000000000000e+00   0.000000000000e+00   0.000000000000e+00
   9.116700000000e+01   0.000000000000e+00   0.000000000000e+00   0.000000000000e+00   0.000000000000e+00   0.000000000000e+00   0.000000000000e+00   0.000000000000e+00
   1.035910000000e+02   0.000000000000e+00   0.000000000000e+00   0.000000000000e+00   0.000000000000e+00   0.000000000000e+00   0.000000000000e+00   0.000000000000e+00
   1.161000000000e+02   0.000000000000e+00   0.000000000000e+00   0.000000000000e+00   0.000000000000e+00   0.000000000000e+00   0.000000000000e+00   0.000000000000e+00
   1.287500000000e+02   0.000000000000e+00   0.000000000000e+00   0.000000000000e+00   0.000000000000e+00   0.000000000000e+00   0.000000000000e+00   0.000000000000e+00
   1.419310000000e+02   0.000000000000e+00   0.000000000000e+00   0.000000000000e+00   0.000000000000e+00   0.000000000000e+00   0.000000000000e+00   0.000000000000e+00
   1.564570000000e+02   5.000000000000e-02   8.726638888889e-04   6.007599400309e-05   6.007599400309e-05   1.745327777778e-03   1.201519880062e-04   1.201519880062e-04
   1.694420000000e+02   8.500000000000e-01   1.483528611111e-02   1.075288580841e-03   1.008083044539e-03   2.967057222222e-02   2.150577161682e-03   2.016166089077e-03
   1.819520000000e+02   1.920000000000e+00   3.351029333333e-02   1.492806332712e-03   3.766894484412e-04   6.702058666667e-02   2.985612665423e-03   7.533788968825e-04
   1.949090000000e+02   3.020000000000e+00   5.270889888889e-02   1.481716875477e-03   4.041046024028e-05   1.054177977778e-01   2.963433750954e-03   8.082092048056e-05
   2.085360000000e+02   5.110000000000e+00   8.918624944444e-02   2.676843806821e-03   1.267978645336e-03   1.783724988889e-01   5.353687613643e-03   2.535957290673e-03
   2.209620000000e+02   5.880000000000e+00   1.026252733333e-01   1.081524536366e-03  -1.854042062342e-03   2.052505466667e-01   2.163049072733e-03  -3.708084124685e-03
   2.336110000000e+02   6.620000000000e+00   1.155406988889e-01   1.021062973797e-03  -4.139444488365e-05   2.310813977778e-01   2.042125947594e-03  -8.278888976731e-05
   2.464570000000e+02   8.220000000000e+00   1.434659433333e-01   2.173847457920e-03   1.168443008632e-03   2.869318866667e-01   4.347694915841e-03   2.336886017264e-03
   2.591900000000e+02   9.390000000000e+00   1.638862783333e-01   1.603733212911e-03  -5.894062235486e-04   3.277725566667e-01   3.207466425823e-03  -1.178812447097e-03
   2.716440000000e+02   1.003000000000e+01   1.750563761111e-01   8.969084453009e-04  -7.427523062648e-04   3.501127522222e-01   1.793816890602e-03  -1.485504612530e-03
   2.843510000000e+02   1.099000000000e+01   1.918115227778e-01   1.318576112904e-03   4.395253709679e-04   3.836230455556e-01   2.637152225807e-03   8.790507419358e-04
   2.966930000000e+02   1.109000000000e+01   1.935568505556e-01   1.414136912800e-04  -1.216157745008e-03   3.871137011111e-01   2.828273825600e-04  -2.432315490016e-03
   3.123340000000e+02   1.192000000000e+01   2.080430711111e-01   9.261697177646e-04   8.145830047809e-04   4.160861422222e-01   1.852339435529e-03   1.629166009562e-03
   3.250950000000e+02   1.353000000000e+01   2.361428483333e-01   2.202004327421e-03   1.066809549931e-03   4.722856966667e-01   4.404008654842e-03   2.133619099862e-03
   3.378290000000e+02   1.310000000000e+01   2.286379388889e-01  -5.893599375251e-04  -2.796033191979e-03   4.572758777778e-01  -1.178719875050e-03  -5.592066383959e-03
   3.505320000000e+02   1.461000000000e+01   2.549923883333e-01   2.074663421589e-03   2.665461614492e-03   5.099847766667e-01   4.149326843178e-03   5.330923228984e-03
   3.629830000000e+02   1.409000000000e+01   2.459166838889e-01  -7.289136972488e-04  -2.845566933490e-03   4.918333677778e-01  -1.457827394498e-03  -5.691133866981e-03
   3.758000000000e+02   1.515000000000e+01   2.644171583333e-01   1.443432507174e-03   2.151531472957e-03   5.288343166667e-01   2.886865014347e-03   4.303062945914e-03
   3.885610000000e+02   1.551000000000e+01   2.707003383333e-01   4.923736384296e-04  -9.573931858353e-04   5.414006766667e-01   9.847472768592e-04  -1.914786371671e-03
   4.015450000000e+02   1.624000000000e+01   2.834412311111e-01   9.812764000137e-04   4.973592712398e-04   5.668824622222e-01   1.962552800027e-03   9.947185424796e-04
   4.155640000000e+02   1.599000000000e+01   2.790779116667e-01  -3.112432730184e-04  -1.220073630232e-03   5.581558233333e-01  -6.224865460367e-04  -2.440147260464e-03
   4.283220000000e+02   1.612000000000e+01   2.813468377778e-01   1.778434010904e-04   5.198499416488e-04   5.626936755556e-01   3.556868021808e-04   1.039699883298e-03
   4.410240000000e+02   1.681000000000e+01   2.933895994444e-01   9.480996431008e-04   7.694721741108e-04   5.867791988889e-01   1.896199286202e-03   1.538944348222e-03
   4.535330000000e+02   1.629000000000e+01   2.843138950000e-01  -7.255339710964e-04  -1.688261740436e-03   5.686277900000e-01  -1.451067942193e-03  -3.376523480872e-03
   4.659810000000e+02   1.577000000000e+01   2.752381905556e-01  -7.290893673236e-04   0.000000000000e+00   5.504763811111e-01  -1.458178734647e-03   0.000000000000e+00
   4.784020000000e+02   1.621000000000e+01   2.829176327778e-01   6.182627986653e-04   1.348937015270e-03   5.658352655556e-01   1.236525597331e-03   2.697874030540e-03
   4.911010000000e+02   1.688000000000e+01   2.946113288889e-01   9.208359800859e-04   3.161078737608e-04   5.892226577778e-01   1.841671960172e-03   6.322157475217e-04
   5.033840000000e+02   1.567000000000e+01   2.734928627778e-01  -1.719324766841e-03  -2.671347571621e-03   5.469857255556e-01  -3.438649533682e-03  -5.342695143242e-03
   5.175950000000e+02   1.669000000000e+01   2.912952061111e-01   1.252715736636e-03   2.738780483037e-03   5.825904122222e-01   2.505431473272e-03   5.477560966075e-03
   5.302990000000e+02   1.729000000000e+01   3.017671727778e-01   8.243046809404e-04  -5.770132766583e-04   6.035343455556e-01   1.648609361881e-03  -1.154026553317e-03
   5.429170000000e+02   1.704000000000e+01   2.974038533333e-01  -3.458011923002e-04  -1.175724053821e-03   5.948077066667e-01  -6.916023846005e-04  -2.351448107642e-03
   5.559570000000e+02   1.906000000000e+01   3.326594744444e-01   2.703651925699e-03   3.038262312543e-03   6.653189488889e-01   5.407303851397e-03   6.076524625085e-03
   5.693590000000e+02   1.927000000000e+01   3.363246627778e-01   2.734806993981e-04  -2.357143171003e-03   6.726493255556e-01   5.469613987962e-04  -4.714286342005e-03
   5.818370000000e+02   1.731000000000e+01   3.021162383333e-01  -2.741498993785e-03  -3.035231028833e-03   6.042324766667e-01  -5.482997987569e-03  -6.070462057666e-03
   5.944000000000e+02   1.749000000000e+01   3.052578283333e-01   2.500668630104e-04   2.973017149124e-03   6.105156566667e-01   5.001337260209e-04   5.946034298248e-03
   6.072990000000e+02   1.911000000000e+01   3.335321383333e-01   2.191976897434e-03   1.948423908830e-03   6.670642766667e-01   4.383953794868e-03   3.896847817660e-03
   6.197790000000e+02   1.806000000000e+01   3.152061966667e-01  -1.468424813034e-03  -3.733994524573e-03   6.304123933333e-01  -2.936849626068e-03  -7.467989049145e-03
   6.322870000000e+02   1.743000000000e+01   3.042106316667e-01  -8.790825871442e-04   5.860550580962e-04   6.084212633333e-01  -1.758165174288e-03   1.172110116192e-03
   6.447380000000e+02   1.796000000000e+01   3.134608688889e-01   7.429312683497e-04   1.626038247709e-03   6.269217377778e-01   1.485862536699e-03   3.252076495418e-03
   6.570180000000e+02   1.714000000000e+01   2.991491811111e-01  -1.165446887441e-03  -1.918723534202e-03   5.982983622222e-01  -2.330893774882e-03  -3.837447068404e-03
   6.695790000000e+02   1.770000000000e+01   3.089230166667e-01   7.781096692585e-04   1.917484542101e-03   6.178460333333e-01   1.556219338517e-03   3.834969084202e-03
   6.822790000000e+02   1.815000000000e+01   3.167769916667e-01   6.184232283465e-04  -1.511701224847e-04   6.335539833333e-01   1.236846456693e-03  -3.023402449694e-04
   6.950080000000e+02   1.879000000000e+01   3.279470894444e-01   8.775314461291e-04   2.605171480696e-04   6.558941788889e-01   1.755062892258e-03   5.210342961392e-04
   7.073210000000e+02   1.746000000000e+01   3.047342300000e-01  -1.885231823637e-03  -2.792411047042e-03   6.094684600000e-01  -3.770463647274e-03  -5.584822094083e-03
   7.198280000000e+02   1.734000000000e+01   3.026398366667e-01  -1.674576903601e-04   1.688531711131e-03   6.052796733333e-01  -3.349153807201e-04   3.377063422261e-03
   7.323650000000e+02   1.885000000000e+01   3.289942861111e-01   2.102133639981e-03   2.269190617993e-03   6.579885722222e-01   4.204267279962e-03   4.538381235986e-03
   7.448990000000e+02   1.734000000000e+01   3.026398366667e-01  -2.102636783504e-03  -4.205273567009e-03   6.052796733333e-01  -4.205273567009e-03  -8.410547134018e-03
   7.575480000000e+02   1.852000000000e+01   3.232347044444e-01   1.628181498757e-03   3.711701891234e-03   6.464694088889e-01   3.256362997514e-03   7.423403782469e-03
   7.698030000000e+02   1.829000000000e+01   3.192204505556e-01  -3.275604968494e-04  -2.008088263294e-03   6.384409011111e-01  -6.551209936987e-04  -4.016176526588e-03
   7.822000000000e+02   1.824000000000e+01   3.183477866667e-01  -7.039315067265e-05   2.534153424216e-04   6.366955733333e-01  -1.407863013453e-04   5.068306848431e-04
   7.948470000000e+02   1.919000000000e+01   3.349284005556e-01   1.311031382058e-03   1.380033033745e-03   6.698568011111e-01   2.622062764116e-03   2.760066067491e-03
   8.071560000000e+02   1.773000000000e+01   3.094466150000e-01  -2.070175120282e-03  -3.417206876630e-03   6.188932300000e-01  -4.140350240565e-03  -6.834413753261e-03
   8.201390000000e+02   1.966000000000e+01   3.431314411111e-01   2.594533321352e-03   4.557237284654e-03   6.862628822222e-01   5.189066642704e-03   9.114474569309e-03
   8.328420000000e+02   1.947000000000e+01   3.398153183333e-01  -2.610503643059e-04  -2.912772485939e-03   6.796306366667e-01  -5.221007286118e-04  -5.825544971879e-03
   8.450700000000e+02   1.787000000000e+01   3.118900738889e-01  -2.283713153782e-03  -2.012522216770e-03   6.237801477778e-01  -4.567426307564e-03  -4.025044433540e-03
   8.579410000000e+02   1.936000000000e+01   3.378954577778e-01   2.020463358627e-03   4.190088441717e-03   6.757909155556e-01   4.040926717254e-03   8.380176883433e-03
   8.707010000000e+02   1.814000000000e+01   3.166024588889e-01  -1.668730320446e-03  -3.706769810171e-03   6.332049177778e-01  -3.337460640892e-03  -7.413539620341e-03
   8.836860000000e+02   1.958000000000e+01   3.417351788889e-01   1.935519445514e-03   3.575334531297e-03   6.834703577778e-01   3.871038891028e-03   7.150669062594e-03
   8.970070000000e+02   2.083000000000e+01   3.635517761111e-01   1.637759719407e-03  -2.489394773499e-04   7.271035522222e-01   3.275519438814e-03  -4.978789546998e-04
   9.104660000000e+02   1.972000000000e+01   3.441786377778e-01  -1.439418852317e-03  -3.060386028349e-03   6.883572755556e-01  -2.878837704634e-03  -6.120772056699e-03
   9.232810000000e+02   1.893000000000e+01   3.303905483333e-01  -1.075933628127e-03   4.358212164564e-04   6.607810966667e-01  -2.151867256254e-03   8.716424329128e-04
   9.362350000000e+02   2.006000000000e+01   3.501127522222e-01   1.522479843206e-03   2.586868406155e-03   7.002255044444e-01   3.044959686412e-03   5.173736812310e-03
   9.491080000000e+02   1.813000000000e+01   3.164279261111e-01  -2.616703651916e-03  -4.148763303037e-03   6.328558522222e-01  -5.233407303831e-03  -8.297526606075e-03
   9.629590000000e+02   2.090000000000e+01   3.647735055556e-01   3.490403540859e-03   5.922345358137e-03   7.295470111111e-01   6.980807081719e-03   1.184469071627e-02
   9.761120000000e+02   1.964000000000e+01   3.427823755556e-01  -1.671947844598e-03  -5.347579217247e-03   6.855647511111e-01  -3.343895689196e-03  -1.069515843449e-02
   9.890430000000e+02   1.965000000000e+01   3.429569083333e-01   1.349723747411e-05   1.714149159213e-03   6.859138166667e-01   2.699447494822e-05   3.428298318425e-03
   1.001860000000e+03   1.926000000000e+01   3.361501300000e-01  -5.310742243375e-04  -5.446915121410e-04   6.723002600000e-01  -1.062148448675e-03  -1.089383024282e-03
   1.014810000000e+03   1.940000000000e+01   3.385935888889e-01   1.886840840841e-04   7.143040326040e-04   6.771871777778e-01   3.773681681682e-04   1.428608065208e-03
   1.027320000000e+03   1.836000000000e+01   3.204421800000e-01  -1.450951949551e-03  -1.646272404299e-03   6.408843600000e-01  -2.901903899103e-03  -3.292544808598e-03
   1.040890000000e+03   1.910000000000e+01   3.333576055556e-01   9.517631212642e-04   2.289376156554e-03   6.667152111111e-01   1.903526242528e-03   4.578752313109e-03
   1.053930000000e+03   1.765000000000e+01   3.080503527778e-01  -1.940740243695e-03  -2.931186988753e-03   6.161007055556e-01  -3.881480487389e-03  -5.862373977505e-03
   1.066830000000e+03   1.931000000000e+01   3.370227938889e-01   2.245925667528e-03   4.207728208441e-03   6.740455877778e-01   4.491851335056e-03   8.415456416882e-03
   1.079560000000e+03   1.880000000000e+01   3.281216222222e-01  -6.992279392511e-04  -2.975146329755e-03   6.562432444444e-01  -1.398455878502e-03  -5.950292659509e-03
   1.091880000000e+03   1.788000000000e+01   3.120646066667e-01  -1.303329184704e-03  -5.808314844877e-04   6.241292133333e-01  -2.606658369408e-03  -1.161662968975e-03
   1.105110000000e+03   1.931000000000e+01   3.370227938889e-01   1.886484294953e-03   3.100166498698e-03   6.740455877778e-01   3.772968589905e-03   6.200332997397e-03
   1.117980000000e+03   1.942000000000e+01   3.389426544444e-01   1.491733143400e-04  -1.790079772080e-03   6.778853088889e-01   2.983466286800e-04  -3.580159544160e-03
   1.130350000000e+03   1.770000000000e+01   3.089230166667e-01  -2.426809844606e-03  -2.582012799784e-03   6.178460333333e-01  -4.853619689212e-03  -5.164025599569e-03
   1.143340000000e+03   1.922000000000e+01   3.354519988889e-01   2.042261910872e-03   4.353242494226e-03   6.709039977778e-01   4.084523821743e-03   8.706484988453e-03
   1.155930000000e+03   1.883000000000e+01   3.286452205556e-01  -5.406495896214e-04  -2.647796708146e-03   6.572904411111e-01  -1.081299179243e-03  -5.295593416292e-03
   1.169030000000e+03   1.906000000000e+01   3.326594744444e-01   3.064315945717e-04   8.260329940628e-04   6.653189488889e-01   6.128631891433e-04   1.652065988126e-03
   1.181340000000e+03   1.772000000000e+01   3.092720822222e-01  -1.899869392544e-03  -2.225966377832e-03   6.185441644444e-01  -3.799738785089e-03  -4.451932755664e-03
   1.193620000000e+03   1.758000000000e+01   3.068286233333e-01  -1.989787368802e-04   1.705532030402e-03   6.136572466667e-01  -3.979574737604e-04   3.411064060803e-03
   1.205850000000e+03   1.737000000000e+01   3.031634350000e-01  -2.996883346961e-04  -9.989611156536e-05   6.063268700000e-01  -5.993766693922e-04  -1.997922231307e-04
   1.218160000000e+03   1.744000000000e+01   3.043851644444e-01   9.924690856575e-05   3.969876342630e-04   6.087703288889e-01   1.984938171315e-04   7.939752685260e-04
   1.230640000000e+03   1.790000000000e+01   3.124136722222e-01   6.433099180912e-04   5.454149305556e-04   6.248273444444e-01   1.286619836182e-03   1.090829861111e-03
   1.243120000000e+03   1.792000000000e+01   3.127627377778e-01   2.796999643875e-05  -6.153399216524e-04   6.255254755556e-01   5.593999287750e-05  -1.230679843305e-03
   1.255740000000e+03   1.854000000000e+01   3.235837700000e-01   8.574510477197e-04   8.297913365029e-04   6.471675400000e-01   1.714902095439e-03   1.659582673006e-03
   1.267970000000e+03   1.719000000000e+01   3.000218450000e-01  -1.926567865904e-03  -2.811361996911e-03   6.000436900000e-01  -3.853135731807e-03  -5.622723993822e-03
   1.280500000000e+03   1.775000000000e+01   3.097956805556e-01   7.800347610180e-04   2.660475702758e-03   6.195913611111e-01   1.560069522036e-03   5.320951405516e-03
   1.292730000000e+03   1.762000000000e+01   3.075267544444e-01  -1.855213500500e-04  -9.846902425729e-04   6.150535088889e-01  -3.710427000999e-04  -1.969380485146e-03
