ARMA_MAT_TXT_FN008
86 2
   1.585393675000e-02   1.500000000000e+01
   1.505462291200e-02   1.600000000000e+01
   1.428285998600e-02   1.700000000000e+01
   1.353815790400e-02   1.800000000000e+01
   1.282002659800e-02   1.900000000000e+01
   1.212797600000e-02   2.000000000000e+01
   1.146151604200e-02   2.100000000000e+01
   1.082015665600e-02   2.200000000000e+01
   1.020340777400e-02   2.300000000000e+01
   9.610779328000e-03   2.400000000000e+01
   9.041781250000e-03   2.500000000000e+01
   8.495923472000e-03   2.600000000000e+01
   7.972715926000e-03   2.700000000000e+01
   7.471668544000e-03   2.800000000000e+01
   6.992291258000e-03   2.900000000000e+01
   6.534094000000e-03   3.000000000000e+01
   6.096586702000e-03   3.100000000000e+01
   5.679279296000e-03   3.200000000000e+01
   5.281681714000e-03   3.300000000000e+01
   4.903303888000e-03   3.400000000000e+01
   4.543655750000e-03   3.500000000000e+01
   4.202247232000e-03   3.600000000000e+01
   3.878588266000e-03   3.700000000000e+01
   3.572188784000e-03   3.800000000000e+01
   3.282558718000e-03   3.900000000000e+01
   3.009208000000e-03   4.000000000000e+01
   2.751646562000e-03   4.100000000000e+01
   2.509384336000e-03   4.200000000000e+01
   2.281931254000e-03   4.300000000000e+01
   2.068797248000e-03   4.400000000000e+01
   1.869492250000e-03   4.500000000000e+01
   1.683526192000e-03   4.600000000000e+01
   1.510409006000e-03   4.700000000000e+01
   1.349650624000e-03   4.800000000000e+01
   1.200760978000e-03   4.900000000000e+01
   1.063250000000e-03   5.000000000000e+01
   9.366276220000e-04   5.100000000000e+01
   8.204037760000e-04   5.200000000000e+01
   7.140883940000e-04   5.300000000000e+01
   6.171914080000e-04   5.400000000000e+01
   5.292227500000e-04   5.500000000000e+01
   4.496923520000e-04   5.600000000000e+01
   3.781101460000e-04   5.700000000000e+01
   3.139860640000e-04   5.800000000000e+01
   2.568300380000e-04   5.900000000000e+01
   2.061520000000e-04   6.000000000000e+01
   1.614618820000e-04   6.100000000000e+01
   1.222696160000e-04   6.200000000000e+01
   8.808513400000e-05   6.300000000000e+01
   5.841836800000e-05   6.400000000000e+01
   3.277925000000e-05   6.500000000000e+01
   1.067771200001e-05   6.600000000000e+01
  -8.376313999990e-06   6.700000000000e+01
  -2.487289600000e-05   6.800000000000e+01
  -3.930210200000e-05   6.900000000000e+01
  -5.215400000000e-05   7.000000000000e+01
  -6.391865800000e-05   7.100000000000e+01
  -7.508614400000e-05   7.200000000000e+01
  -8.614652600000e-05   7.300000000000e+01
  -9.758987199999e-05   7.400000000000e+01
  -1.099062500000e-04   7.500000000000e+01
  -1.235857280000e-04   7.600000000000e+01
  -1.391183740000e-04   7.700000000000e+01
  -1.569942560000e-04   7.800000000000e+01
  -1.777034420000e-04   7.900000000000e+01
  -2.017360000000e-04   8.000000000000e+01
  -2.295819980000e-04   8.100000000000e+01
  -2.617315040000e-04   8.200000000000e+01
  -2.986745860000e-04   8.300000000000e+01
  -3.409013120000e-04   8.400000000000e+01
  -3.889017500000e-04   8.500000000000e+01
  -4.431659680000e-04   8.600000000000e+01
  -5.041840340000e-04   8.700000000000e+01
  -5.724460160000e-04   8.800000000000e+01
  -6.484419820000e-04   8.900000000000e+01
  -7.326620000000e-04   9.000000000000e+01
  -8.255961380000e-04   9.100000000000e+01
  -9.277344640000e-04   9.200000000000e+01
  -1.039567046000e-03   9.300000000000e+01
  -1.161583952000e-03   9.400000000000e+01
  -1.294275250000e-03   9.500000000000e+01
  -1.438131008000e-03   9.600000000000e+01
  -1.593641294000e-03   9.700000000000e+01
  -1.761296176000e-03   9.800000000000e+01
  -1.941585722000e-03   9.900000000000e+01
  -2.135000000000e-03   1.000000000000e+02
