ARMA_MAT_TXT_FN008
86 6

   1.100000000000e+01   5.000000000000e-02   1.564570000000e+02   3.490655555556e-03   2.403039760124e-04   1.654302464631e-05
   1.200000000000e+01   8.500000000000e-01   1.694420000000e+02   5.934114444444e-02   4.569976468575e-03   3.519427392048e-04
   1.300000000000e+01   1.920000000000e+00   1.819520000000e+02   1.340411733333e-01   1.071472208900e-02   8.564925730612e-04
   1.400000000000e+01   3.020000000000e+00   1.949090000000e+02   2.108355955556e-01   1.627194532342e-02   1.255842040860e-03
   1.500000000000e+01   5.110000000000e+00   2.085360000000e+02   3.567449977778e-01   2.617927627341e-02   1.921132771220e-03
   1.600000000000e+01   5.880000000000e+00   2.209620000000e+02   4.105010933333e-01   3.303565856537e-02   2.658591547189e-03
   1.700000000000e+01   6.620000000000e+00   2.336110000000e+02   4.621627955556e-01   3.653749668397e-02   2.888568004109e-03
   1.800000000000e+01   8.220000000000e+00   2.464570000000e+02   5.738637733333e-01   4.467256526026e-02   3.477546727406e-03
   1.900000000000e+01   9.390000000000e+00   2.591900000000e+02   6.555451133333e-01   5.148394827090e-02   4.043347857606e-03
   2.000000000000e+01   1.003000000000e+01   2.716440000000e+02   7.002255044444e-01   5.622494816480e-02   4.514609616573e-03
   2.100000000000e+01   1.099000000000e+01   2.843510000000e+02   7.672460911111e-01   6.037979783671e-02   4.751695745393e-03
   2.200000000000e+01   1.109000000000e+01   2.966930000000e+02   7.742274022222e-01   6.273111345181e-02   5.082734844580e-03
   2.300000000000e+01   1.192000000000e+01   3.123340000000e+02   8.321722844444e-01   5.320454475062e-02   3.401607617839e-03
   2.400000000000e+01   1.353000000000e+01   3.250950000000e+02   9.445713933333e-01   7.402017031058e-02   5.800499201519e-03
   2.500000000000e+01   1.310000000000e+01   3.378290000000e+02   9.145517555556e-01   7.181967610771e-02   5.639993411945e-03
   2.600000000000e+01   1.461000000000e+01   3.505320000000e+02   1.019969553333e+00   8.029359626335e-02   6.320837303263e-03
   2.700000000000e+01   1.409000000000e+01   3.629830000000e+02   9.836667355556e-01   7.900303072489e-02   6.345115310006e-03
   2.800000000000e+01   1.515000000000e+01   3.758000000000e+02   1.057668633333e+00   8.252076408936e-02   6.438383716108e-03
   2.900000000000e+01   1.551000000000e+01   3.885610000000e+02   1.082801353333e+00   8.485239035603e-02   6.649352743205e-03
   3.000000000000e+01   1.624000000000e+01   4.015450000000e+02   1.133764924444e+00   8.732015745875e-02   6.725212373595e-03
   3.100000000000e+01   1.599000000000e+01   4.155640000000e+02   1.116311646667e+00   7.962847896902e-02   5.680039872246e-03
   3.200000000000e+01   1.612000000000e+01   4.283220000000e+02   1.125387351111e+00   8.821032694083e-02   6.914118744382e-03
   3.300000000000e+01   1.681000000000e+01   4.410240000000e+02   1.173558397778e+00   9.239162319145e-02   7.273785481928e-03
   3.400000000000e+01   1.629000000000e+01   4.535330000000e+02   1.137255580000e+00   9.091498760892e-02   7.267966073141e-03
   3.500000000000e+01   1.577000000000e+01   4.659810000000e+02   1.100952762222e+00   8.844414863610e-02   7.105089061384e-03
   3.600000000000e+01   1.621000000000e+01   4.784020000000e+02   1.131670531111e+00   9.110945423968e-02   7.335114261306e-03
   3.700000000000e+01   1.688000000000e+01   4.911010000000e+02   1.178445315556e+00   9.279827667970e-02   7.307526315435e-03
   3.800000000000e+01   1.567000000000e+01   5.033840000000e+02   1.093971451111e+00   8.906386478150e-02   7.250986304770e-03
   3.900000000000e+01   1.669000000000e+01   5.175950000000e+02   1.165180824444e+00   8.199147311551e-02   5.769578011083e-03
   4.000000000000e+01   1.729000000000e+01   5.302990000000e+02   1.207068691111e+00   9.501485288973e-02   7.479128848373e-03
   4.100000000000e+01   1.704000000000e+01   5.429170000000e+02   1.189615413333e+00   9.427923706874e-02   7.471805125118e-03
   4.200000000000e+01   1.906000000000e+01   5.559570000000e+02   1.330637897778e+00   1.020427835719e-01   7.825366838337e-03
   4.300000000000e+01   1.927000000000e+01   5.693590000000e+02   1.345298651111e+00   1.003804395695e-01   7.489959675388e-03
   4.400000000000e+01   1.731000000000e+01   5.818370000000e+02   1.208464953333e+00   9.684764812737e-02   7.761472040982e-03
   4.500000000000e+01   1.749000000000e+01   5.944000000000e+02   1.221031313333e+00   9.719265409005e-02   7.736420766541e-03
   4.600000000000e+01   1.911000000000e+01   6.072990000000e+02   1.334128553333e+00   1.034288358271e-01   8.018360789756e-03
   4.700000000000e+01   1.806000000000e+01   6.197790000000e+02   1.260824786667e+00   1.010276271368e-01   8.095162430829e-03
   4.800000000000e+01   1.743000000000e+01   6.322870000000e+02   1.216842526667e+00   9.728513964396e-02   7.777833358168e-03
   4.900000000000e+01   1.796000000000e+01   6.447380000000e+02   1.253843475556e+00   1.007022307891e-01   8.087882964351e-03
   5.000000000000e+01   1.714000000000e+01   6.570180000000e+02   1.196596724444e+00   9.744273000362e-02   7.935075733194e-03
   5.100000000000e+01   1.770000000000e+01   6.695790000000e+02   1.235692066667e+00   9.837529389911e-02   7.831804306911e-03
   5.200000000000e+01   1.815000000000e+01   6.822790000000e+02   1.267107966667e+00   9.977228083989e-02   7.856085105503e-03
   5.300000000000e+01   1.879000000000e+01   6.950080000000e+02   1.311788357778e+00   1.030550992048e-01   8.096087611343e-03
   5.400000000000e+01   1.746000000000e+01   7.073210000000e+02   1.218936920000e+00   9.899593275400e-02   8.039952306830e-03
   5.500000000000e+01   1.734000000000e+01   7.198280000000e+02   1.210559346667e+00   9.679054502812e-02   7.738909812754e-03
   5.600000000000e+01   1.885000000000e+01   7.323650000000e+02   1.315977144444e+00   1.049674678507e-01   8.372614489169e-03
   5.700000000000e+01   1.734000000000e+01   7.448990000000e+02   1.210559346667e+00   9.658204457210e-02   7.705604322012e-03
   5.800000000000e+01   1.852000000000e+01   7.575480000000e+02   1.292938817778e+00   1.022166825660e-01   8.081008978262e-03
   5.900000000000e+01   1.829000000000e+01   7.698030000000e+02   1.276881802222e+00   1.041927215196e-01   8.502058059532e-03
   6.000000000000e+01   1.824000000000e+01   7.822000000000e+02   1.273391146667e+00   1.027176854615e-01   8.285688913571e-03
   6.100000000000e+01   1.919000000000e+01   7.948470000000e+02   1.339713602222e+00   1.059313356703e-01   8.376005034419e-03
   6.200000000000e+01   1.773000000000e+01   8.071560000000e+02   1.237786460000e+00   1.005594654318e-01   8.169588547550e-03
   6.300000000000e+01   1.966000000000e+01   8.201390000000e+02   1.372525764444e+00   1.057171504617e-01   8.142736691190e-03
   6.400000000000e+01   1.947000000000e+01   8.328420000000e+02   1.359261273333e+00   1.070031703797e-01   8.423456693671e-03
   6.500000000000e+01   1.787000000000e+01   8.450700000000e+02   1.247560295556e+00   1.020248851452e-01   8.343546380864e-03
   6.600000000000e+01   1.936000000000e+01   8.579410000000e+02   1.351581831111e+00   1.050098540215e-01   8.158639889793e-03
   6.700000000000e+01   1.814000000000e+01   8.707010000000e+02   1.266409835556e+00   9.924841971439e-02   7.778089319309e-03
   6.800000000000e+01   1.958000000000e+01   8.836860000000e+02   1.366940715556e+00   1.052707520643e-01   8.107104510154e-03
   6.900000000000e+01   2.083000000000e+01   8.970070000000e+02   1.454207104444e+00   1.091665118568e-01   8.195068827926e-03
   7.000000000000e+01   1.972000000000e+01   9.104660000000e+02   1.376714551111e+00   1.022895126764e-01   7.600082671547e-03
   7.100000000000e+01   1.893000000000e+01   9.232810000000e+02   1.321562193333e+00   1.031261953440e-01   8.047303577370e-03
   7.200000000000e+01   2.006000000000e+01   9.362350000000e+02   1.400451008889e+00   1.081095421406e-01   8.345649385562e-03
   7.300000000000e+01   1.813000000000e+01   9.491080000000e+02   1.265711704444e+00   9.832297867198e-02   7.637922680959e-03
   7.400000000000e+01   2.090000000000e+01   9.629590000000e+02   1.459094022222e+00   1.053421429660e-01   7.605381775035e-03
   7.500000000000e+01   1.964000000000e+01   9.761120000000e+02   1.371129502222e+00   1.042446211680e-01   7.925539509463e-03
   7.600000000000e+01   1.965000000000e+01   9.890430000000e+02   1.371827633333e+00   1.060882865465e-01   8.204182704086e-03
   7.700000000000e+01   1.926000000000e+01   1.001860000000e+03   1.344600520000e+00   1.049075852384e-01   8.185034348003e-03
   7.800000000000e+01   1.940000000000e+01   1.014810000000e+03   1.354374355556e+00   1.045848923209e-01   8.076053461073e-03
   7.900000000000e+01   1.836000000000e+01   1.027320000000e+03   1.281768720000e+00   1.024595299760e-01   8.190210229898e-03
   8.000000000000e+01   1.910000000000e+01   1.040890000000e+03   1.333430422222e+00   9.826311143863e-02   7.241202022007e-03
   8.100000000000e+01   1.765000000000e+01   1.053930000000e+03   1.232201411111e+00   9.449397324472e-02   7.246470340853e-03
   8.200000000000e+01   1.931000000000e+01   1.066830000000e+03   1.348091175556e+00   1.045031919035e-01   8.101022628181e-03
   8.300000000000e+01   1.880000000000e+01   1.079560000000e+03   1.312486488889e+00   1.031018451602e-01   8.099123736069e-03
   8.400000000000e+01   1.788000000000e+01   1.091880000000e+03   1.248258426667e+00   1.013196774892e-01   8.223999796199e-03
   8.500000000000e+01   1.931000000000e+01   1.105110000000e+03   1.348091175556e+00   1.018965363232e-01   7.701930183158e-03
   8.600000000000e+01   1.942000000000e+01   1.117980000000e+03   1.355770617778e+00   1.053434823448e-01   8.185196763389e-03
   8.700000000000e+01   1.770000000000e+01   1.130350000000e+03   1.235692066667e+00   9.989426569658e-02   8.075526733757e-03
   8.800000000000e+01   1.922000000000e+01   1.143340000000e+03   1.341807995556e+00   1.032954577025e-01   7.951921301194e-03
   8.900000000000e+01   1.883000000000e+01   1.155930000000e+03   1.314580882222e+00   1.044146848469e-01   8.293461862341e-03
   9.000000000000e+01   1.906000000000e+01   1.169030000000e+03   1.330637897778e+00   1.015754120441e-01   7.753848247642e-03
   9.100000000000e+01   1.772000000000e+01   1.181340000000e+03   1.237088328889e+00   1.004945839877e-01   8.163654263828e-03
   9.200000000000e+01   1.758000000000e+01   1.193620000000e+03   1.227314493333e+00   9.994417698154e-02   8.138776627161e-03
   9.300000000000e+01   1.737000000000e+01   1.205850000000e+03   1.212653740000e+00   9.915402616517e-02   8.107442858967e-03
   9.400000000000e+01   1.744000000000e+01   1.218160000000e+03   1.217540657778e+00   9.890663345067e-02   8.034657469591e-03
   9.500000000000e+01   1.790000000000e+01   1.230640000000e+03   1.249654688889e+00   1.001325872507e-01   8.023444491243e-03
   9.600000000000e+01   1.792000000000e+01   1.243120000000e+03   1.251050951111e+00   1.002444672365e-01   8.032409233692e-03
   9.700000000000e+01   1.854000000000e+01   1.255740000000e+03   1.294335080000e+00   1.025622091918e-01   8.126957939125e-03
   9.800000000000e+01   1.719000000000e+01   1.267970000000e+03   1.200087380000e+00   9.812652330335e-02   8.023427907061e-03
   9.900000000000e+01   1.775000000000e+01   1.280500000000e+03   1.239182722222e+00   9.889726434335e-02   7.892838335463e-03
   1.000000000000e+02   1.762000000000e+01   1.292730000000e+03   1.230107017778e+00   1.005811134732e-01   8.224130292170e-03
