ARMA_MAT_TXT_FN008
101 1

   1.245500000000e+01
   1.222500000000e+01
   1.234500000000e+01
   1.236500000000e+01
   1.234500000000e+01
   1.256500000000e+01
   1.224500000000e+01
   1.235500000000e+01
   1.285500000000e+01
   1.276500000000e+01
   1.268500000000e+01
   1.223500000000e+01
   1.268500000000e+01
   1.268500000000e+01   
   1.278500000000e+01
   1.288500000000e+01
   1.298500000000e+01
   1.251000000000e+01
   1.295700000000e+01
   1.362700000000e+01
   1.242600000000e+01
   1.264900000000e+01
   1.284600000000e+01
   1.273300000000e+01
   1.245400000000e+01
   1.270700000000e+01
   1.234200000000e+01
   1.564100000000e+01
   1.276100000000e+01
   1.273400000000e+01
   1.270300000000e+01
   1.245100000000e+01
   1.281700000000e+01
   1.276100000000e+01
   1.298400000000e+01
   1.401900000000e+01
   1.275800000000e+01
   1.270200000000e+01
   1.250900000000e+01
   1.244800000000e+01
   1.242100000000e+01
   1.269900000000e+01
   1.228300000000e+01
   1.421100000000e+01
   1.270400000000e+01
   1.261800000000e+01
   1.304000000000e+01
   1.340200000000e+01
   1.247800000000e+01
   1.256300000000e+01
   1.289900000000e+01
   1.248000000000e+01
   1.250800000000e+01
   1.245100000000e+01
   1.228000000000e+01
   1.256100000000e+01
   1.270000000000e+01
   1.272900000000e+01
   1.231300000000e+01
   1.250700000000e+01
   1.253700000000e+01
   1.253400000000e+01
   1.264900000000e+01
   1.225500000000e+01
   1.239700000000e+01
   1.264700000000e+01
   1.230900000000e+01
   1.298300000000e+01
   1.270300000000e+01
   1.222800000000e+01
   1.287100000000e+01
   1.276000000000e+01
   1.298500000000e+01
   1.332100000000e+01
   1.345900000000e+01
   1.281500000000e+01
   1.295400000000e+01
   1.287300000000e+01
   1.385100000000e+01
   1.315300000000e+01
   1.293100000000e+01
   1.281700000000e+01
   1.295000000000e+01
   1.251000000000e+01
   1.357000000000e+01
   1.304000000000e+01
   1.290000000000e+01
   1.273000000000e+01
   1.232000000000e+01
   1.323000000000e+01
   1.287000000000e+01
   1.237000000000e+01
   1.299000000000e+01
   1.259000000000e+01
   1.310000000000e+01
   1.231000000000e+01
   1.228000000000e+01
   1.223000000000e+01
   1.231000000000e+01
   1.248000000000e+01
   1.248000000000e+01
