0.122522
0.244704
0.366545
0.488046
0.609207
0.730027
0.850507
0.970647
1.09045
1.2099
1.32902
1.4478
1.56624
1.68434
1.80209
1.91951
2.03659
2.15332
2.26972
2.38578
2.50149
2.61687
2.7319
2.84659
2.96095
3.07496
3.18864
3.30197
3.41496
3.52761
3.63992
3.7519
3.86353
3.97482
4.08577
4.19638
4.30665
4.41658
4.52617
4.63542
4.74432
4.85289
4.96112
5.06901
5.17656
5.28376
5.39063
5.49715
5.60334
5.70919
5.81469
5.91986
6.02468
6.12916
6.23331
6.33711
6.44057
6.5437
6.64648
6.74892
6.85102
6.95278
7.05421
7.15529
7.25603
7.35643
7.45649
7.55621
7.65558
7.75462
7.85332
7.95168
8.0497
8.14737
8.24471
8.34171
8.43836
8.53468
8.63066
8.72629
8.82159
8.91654
9.01115
9.10543
9.19936
9.29295
9.38621
9.47912
9.57169
9.66392
9.75582
9.84737
9.93858
10.0294
10.12
10.2102
10.3
10.3895
10.4787
10.5675
10.656
10.7442
10.832
10.9194
11.0066
11.0933
11.1798
11.2659
11.3517
11.4371
11.5222
11.6069
11.6913
11.7754
11.8591
11.9425
12.0255
12.1082
12.1906
12.2726
12.3543
12.4356
12.5166
12.5973
12.6776
12.7576
12.8372
12.9165
12.9955
13.0741
13.1524
13.2303
13.3079
13.3852
13.4621
13.5387
13.6149
13.6908
13.7664
13.8416
13.9165
13.991
14.0652
14.139
14.2126
14.2857
14.3586
14.4311
14.5032
14.575
14.6465
14.7176
14.7884
14.8589
14.929
14.9987
15.0682
15.1373
15.206
15.2744
15.3425
15.4102
15.4776
15.5446
15.6113
15.6777
15.7437
15.8094
15.8748
15.9398
16.0044
16.0688
16.1327
16.1964
16.2597
16.3227
16.3853
16.4476
16.5095
16.5711
16.6324
16.6933
16.7539
16.8141
16.874
16.9336
16.9928
17.0517
17.1102
17.1684
17.2263
17.2838
17.3409
17.3978
17.4543
17.5104
17.5663
17.6217
17.6769
17.7317
17.7861
17.8402
17.894
17.9474
18.0005
18.0533
18.1057
18.1578
18.2095
18.2609
18.3119
18.3626
18.413
18.463
18.5127
18.5621
18.6111
18.6598
18.7081
18.7561
18.8037
18.851
18.898
18.9446
18.9909
19.0369
19.0825
19.1277
19.1727
19.2172
19.2615
19.3054
19.3489
19.3922
19.4351
19.4776
19.5198
19.5617
19.6032
19.6444
19.6852
19.7257
19.7659
19.8057
19.8452
19.8843
19.9231
19.9616
19.9997
20.0375
20.0749
20.112
20.1487
20.1852
20.2212
20.257
20.2924
20.3274
20.3621
20.3965
20.4305
20.4642
20.4976
20.5306
20.5633
20.5956
20.6276
20.6593
20.6906
20.7215
20.7522
20.7825
20.8124
20.842
20.8713
20.9002
20.9288
20.9571
20.985
21.0125
21.0398
21.0666
21.0932
21.1194
21.1453
21.1708
21.196
21.2208
21.2453
21.2695
21.2933
21.3168
21.3399
21.3627
21.3852
21.4073
21.4291
21.4505
21.4716
21.4924
21.5128
21.5329
21.5526
21.572
21.5911
21.6098
21.6282
21.6462
21.6639
21.6813
21.6983
21.715
21.7313
21.7473
21.763
21.7783
21.7933
21.8079
21.8222
21.8361
21.8498
21.863
21.876
21.8886
21.9008
21.9127
21.9243
21.9355
21.9464
21.957
21.9672
21.977
21.9866
21.9958
22.0046
22.0131
22.0213
22.0291
22.0366
22.0438
22.0506
22.057
22.0632
22.0689
22.0744
22.0795
22.0843
22.0887
22.0928
22.0965
22.0999
22.103
22.1057
22.1081
22.1101
22.1118
