ARMA_MAT_TXT_FN008
86 6
   
   1.100000000000e+01   5.000000000000e-02   1.564570000000e+02   8.726638888889e-04   6.007599400309e-05   4.135756161579e-06
   1.200000000000e+01   8.500000000000e-01   1.694420000000e+02   1.483528611111e-02   1.142494117144e-03   8.798568480121e-05
   1.300000000000e+01   1.920000000000e+00   1.819520000000e+02   3.351029333333e-02   2.678680522249e-03   2.141231432653e-04
   1.400000000000e+01   3.020000000000e+00   1.949090000000e+02   5.270889888889e-02   4.067986330855e-03   3.139605102149e-04
   1.500000000000e+01   5.110000000000e+00   2.085360000000e+02   8.918624944444e-02   6.544819068353e-03   4.802831928049e-04
   1.600000000000e+01   5.880000000000e+00   2.209620000000e+02   1.026252733333e-01   8.258914641343e-03   6.646478867973e-04
   1.700000000000e+01   6.620000000000e+00   2.336110000000e+02   1.155406988889e-01   9.134374170993e-03   7.221420010272e-04
   1.800000000000e+01   8.220000000000e+00   2.464570000000e+02   1.434659433333e-01   1.116814131507e-02   8.693866818516e-04
   1.900000000000e+01   9.390000000000e+00   2.591900000000e+02   1.638862783333e-01   1.287098706772e-02   1.010836964401e-03
   2.000000000000e+01   1.003000000000e+01   2.716440000000e+02   1.750563761111e-01   1.405623704120e-02   1.128652404143e-03
   2.100000000000e+01   1.099000000000e+01   2.843510000000e+02   1.918115227778e-01   1.509494945918e-02   1.187923936348e-03
   2.200000000000e+01   1.109000000000e+01   2.966930000000e+02   1.935568505556e-01   1.568277836295e-02   1.270683711145e-03
   2.300000000000e+01   1.192000000000e+01   3.123340000000e+02   2.080430711111e-01   1.330113618765e-02   8.504019044597e-04
   2.400000000000e+01   1.353000000000e+01   3.250950000000e+02   2.361428483333e-01   1.850504257765e-02   1.450124800380e-03
   2.500000000000e+01   1.310000000000e+01   3.378290000000e+02   2.286379388889e-01   1.795491902693e-02   1.409998352986e-03
   2.600000000000e+01   1.461000000000e+01   3.505320000000e+02   2.549923883333e-01   2.007339906584e-02   1.580209325816e-03
   2.700000000000e+01   1.409000000000e+01   3.629830000000e+02   2.459166838889e-01   1.975075768122e-02   1.586278827502e-03
   2.800000000000e+01   1.515000000000e+01   3.758000000000e+02   2.644171583333e-01   2.063019102234e-02   1.609595929027e-03
   2.900000000000e+01   1.551000000000e+01   3.885610000000e+02   2.707003383333e-01   2.121309758901e-02   1.662338185801e-03
   3.000000000000e+01   1.624000000000e+01   4.015450000000e+02   2.834412311111e-01   2.183003936469e-02   1.681303093399e-03
   3.100000000000e+01   1.599000000000e+01   4.155640000000e+02   2.790779116667e-01   1.990711974225e-02   1.420009968062e-03
   3.200000000000e+01   1.612000000000e+01   4.283220000000e+02   2.813468377778e-01   2.205258173521e-02   1.728529686096e-03
   3.300000000000e+01   1.681000000000e+01   4.410240000000e+02   2.933895994444e-01   2.309790579786e-02   1.818446370482e-03
   3.400000000000e+01   1.629000000000e+01   4.535330000000e+02   2.843138950000e-01   2.272874690223e-02   1.816991518285e-03
   3.500000000000e+01   1.577000000000e+01   4.659810000000e+02   2.752381905556e-01   2.211103715903e-02   1.776272265346e-03
   3.600000000000e+01   1.621000000000e+01   4.784020000000e+02   2.829176327778e-01   2.277736355992e-02   1.833778565327e-03
   3.700000000000e+01   1.688000000000e+01   4.911010000000e+02   2.946113288889e-01   2.319956916993e-02   1.826881578859e-03
   3.800000000000e+01   1.567000000000e+01   5.033840000000e+02   2.734928627778e-01   2.226596619537e-02   1.812746576193e-03
   3.900000000000e+01   1.669000000000e+01   5.175950000000e+02   2.912952061111e-01   2.049786827888e-02   1.442394502771e-03
   4.000000000000e+01   1.729000000000e+01   5.302990000000e+02   3.017671727778e-01   2.375371322243e-02   1.869782212093e-03
   4.100000000000e+01   1.704000000000e+01   5.429170000000e+02   2.974038533333e-01   2.356980926718e-02   1.867951281279e-03
   4.200000000000e+01   1.906000000000e+01   5.559570000000e+02   3.326594744444e-01   2.551069589298e-02   1.956341709584e-03
   4.300000000000e+01   1.927000000000e+01   5.693590000000e+02   3.363246627778e-01   2.509510989239e-02   1.872489918847e-03
   4.400000000000e+01   1.731000000000e+01   5.818370000000e+02   3.021162383333e-01   2.421191203184e-02   1.940368010245e-03
   4.500000000000e+01   1.749000000000e+01   5.944000000000e+02   3.052578283333e-01   2.429816352251e-02   1.934105191635e-03
   4.600000000000e+01   1.911000000000e+01   6.072990000000e+02   3.335321383333e-01   2.585720895677e-02   2.004590197439e-03
   4.700000000000e+01   1.806000000000e+01   6.197790000000e+02   3.152061966667e-01   2.525690678419e-02   2.023790607707e-03
   4.800000000000e+01   1.743000000000e+01   6.322870000000e+02   3.042106316667e-01   2.432128491099e-02   1.944458339542e-03
   4.900000000000e+01   1.796000000000e+01   6.447380000000e+02   3.134608688889e-01   2.517555769728e-02   2.021970741088e-03
   5.000000000000e+01   1.714000000000e+01   6.570180000000e+02   2.991491811111e-01   2.436068250090e-02   1.983768933298e-03
   5.100000000000e+01   1.770000000000e+01   6.695790000000e+02   3.089230166667e-01   2.459382347478e-02   1.957951076728e-03
   5.200000000000e+01   1.815000000000e+01   6.822790000000e+02   3.167769916667e-01   2.494307020997e-02   1.964021276376e-03
   5.300000000000e+01   1.879000000000e+01   6.950080000000e+02   3.279470894444e-01   2.576377480120e-02   2.024021902836e-03
   5.400000000000e+01   1.746000000000e+01   7.073210000000e+02   3.047342300000e-01   2.474898318850e-02   2.009988076708e-03
   5.500000000000e+01   1.734000000000e+01   7.198280000000e+02   3.026398366667e-01   2.419763625703e-02   1.934727453189e-03
   5.600000000000e+01   1.885000000000e+01   7.323650000000e+02   3.289942861111e-01   2.624186696268e-02   2.093153622292e-03
   5.700000000000e+01   1.734000000000e+01   7.448990000000e+02   3.026398366667e-01   2.414551114302e-02   1.926401080503e-03
   5.800000000000e+01   1.852000000000e+01   7.575480000000e+02   3.232347044444e-01   2.555417064151e-02   2.020252244565e-03
   5.900000000000e+01   1.829000000000e+01   7.698030000000e+02   3.192204505556e-01   2.604818037989e-02   2.125514514883e-03
   6.000000000000e+01   1.824000000000e+01   7.822000000000e+02   3.183477866667e-01   2.567942136538e-02   2.071422228393e-03
   6.100000000000e+01   1.919000000000e+01   7.948470000000e+02   3.349284005556e-01   2.648283391757e-02   2.094001258605e-03
   6.200000000000e+01   1.773000000000e+01   8.071560000000e+02   3.094466150000e-01   2.513986635795e-02   2.042397136888e-03
   6.300000000000e+01   1.966000000000e+01   8.201390000000e+02   3.431314411111e-01   2.642928761543e-02   2.035684172797e-03
   6.400000000000e+01   1.947000000000e+01   8.328420000000e+02   3.398153183333e-01   2.675079259493e-02   2.105864173418e-03
   6.500000000000e+01   1.787000000000e+01   8.450700000000e+02   3.118900738889e-01   2.550622128630e-02   2.085886595216e-03
   6.600000000000e+01   1.936000000000e+01   8.579410000000e+02   3.378954577778e-01   2.625246350538e-02   2.039659972448e-03
   6.700000000000e+01   1.814000000000e+01   8.707010000000e+02   3.166024588889e-01   2.481210492860e-02   1.944522329827e-03
   6.800000000000e+01   1.958000000000e+01   8.836860000000e+02   3.417351788889e-01   2.631768801609e-02   2.026776127538e-03
   6.900000000000e+01   2.083000000000e+01   8.970070000000e+02   3.635517761111e-01   2.729162796420e-02   2.048767206982e-03
   7.000000000000e+01   1.972000000000e+01   9.104660000000e+02   3.441786377778e-01   2.557237816909e-02   1.900020667887e-03
   7.100000000000e+01   1.893000000000e+01   9.232810000000e+02   3.303905483333e-01   2.578154883600e-02   2.011825894343e-03
   7.200000000000e+01   2.006000000000e+01   9.362350000000e+02   3.501127522222e-01   2.702738553514e-02   2.086412346390e-03
   7.300000000000e+01   1.813000000000e+01   9.491080000000e+02   3.164279261111e-01   2.458074466800e-02   1.909480670240e-03
   7.400000000000e+01   2.090000000000e+01   9.629590000000e+02   3.647735055556e-01   2.633553574150e-02   1.901345443759e-03
   7.500000000000e+01   1.964000000000e+01   9.761120000000e+02   3.427823755556e-01   2.606115529199e-02   1.981384877366e-03
   7.600000000000e+01   1.965000000000e+01   9.890430000000e+02   3.429569083333e-01   2.652207163664e-02   2.051045676022e-03
   7.700000000000e+01   1.926000000000e+01   1.001860000000e+03   3.361501300000e-01   2.622689630959e-02   2.046258587001e-03
   7.800000000000e+01   1.940000000000e+01   1.014810000000e+03   3.385935888889e-01   2.614622308022e-02   2.019013365268e-03
   7.900000000000e+01   1.836000000000e+01   1.027320000000e+03   3.204421800000e-01   2.561488249400e-02   2.047552557474e-03
   8.000000000000e+01   1.910000000000e+01   1.040890000000e+03   3.333576055556e-01   2.456577785966e-02   1.810300505502e-03
   8.100000000000e+01   1.765000000000e+01   1.053930000000e+03   3.080503527778e-01   2.362349331118e-02   1.811617585213e-03
   8.200000000000e+01   1.931000000000e+01   1.066830000000e+03   3.370227938889e-01   2.612579797588e-02   2.025255657045e-03
   8.300000000000e+01   1.880000000000e+01   1.079560000000e+03   3.281216222222e-01   2.577546129004e-02   2.024780934017e-03
   8.400000000000e+01   1.788000000000e+01   1.091880000000e+03   3.120646066667e-01   2.532991937229e-02   2.055999949050e-03
   8.500000000000e+01   1.931000000000e+01   1.105110000000e+03   3.370227938889e-01   2.547413408079e-02   1.925482545789e-03
   8.600000000000e+01   1.942000000000e+01   1.117980000000e+03   3.389426544444e-01   2.633587058620e-02   2.046299190847e-03
   8.700000000000e+01   1.770000000000e+01   1.130350000000e+03   3.089230166667e-01   2.497356642414e-02   2.018881683439e-03
   8.800000000000e+01   1.922000000000e+01   1.143340000000e+03   3.354519988889e-01   2.582386442563e-02   1.987980325298e-03
   8.900000000000e+01   1.883000000000e+01   1.155930000000e+03   3.286452205556e-01   2.610367121172e-02   2.073365465585e-03
   9.000000000000e+01   1.906000000000e+01   1.169030000000e+03   3.326594744444e-01   2.539385301103e-02   1.938462061910e-03
   9.100000000000e+01   1.772000000000e+01   1.181340000000e+03   3.092720822222e-01   2.512364599693e-02   2.040913565957e-03
   9.200000000000e+01   1.758000000000e+01   1.193620000000e+03   3.068286233333e-01   2.498604424539e-02   2.034694156790e-03
   9.300000000000e+01   1.737000000000e+01   1.205850000000e+03   3.031634350000e-01   2.478850654129e-02   2.026860714742e-03
   9.400000000000e+01   1.744000000000e+01   1.218160000000e+03   3.043851644444e-01   2.472665836267e-02   2.008664367398e-03
   9.500000000000e+01   1.790000000000e+01   1.230640000000e+03   3.124136722222e-01   2.503314681268e-02   2.005861122811e-03
   9.600000000000e+01   1.792000000000e+01   1.243120000000e+03   3.127627377778e-01   2.506111680912e-02   2.008102308423e-03
   9.700000000000e+01   1.854000000000e+01   1.255740000000e+03   3.235837700000e-01   2.564055229794e-02   2.031739484781e-03
   9.800000000000e+01   1.719000000000e+01   1.267970000000e+03   3.000218450000e-01   2.453163082584e-02   2.005856976765e-03
   9.900000000000e+01   1.775000000000e+01   1.280500000000e+03   3.097956805556e-01   2.472431608584e-02   1.973209583866e-03
   1.000000000000e+02   1.762000000000e+01   1.292730000000e+03   3.075267544444e-01   2.514527836831e-02   2.056032573043e-03
