ARMA_MAT_TXT_FN008
101 6
   0.000000000000e+00   0.000000000000e+00   0.000000000000e+00   0.000000000000e+00   0.000000000000e+00   0.000000000000e+00
   1.000000000000e+00   0.000000000000e+00   2.000000000000e+00   0.000000000000e+00   0.000000000000e+00   0.000000000000e+00
   2.000000000000e+00   0.000000000000e+00   4.000000000000e+00   0.000000000000e+00   0.000000000000e+00   0.000000000000e+00
   3.000000000000e+00   0.000000000000e+00   6.000000000000e+00   0.000000000000e+00   0.000000000000e+00   0.000000000000e+00
   4.000000000000e+00   0.000000000000e+00   8.000000000000e+00   0.000000000000e+00   0.000000000000e+00   0.000000000000e+00
   5.000000000000e+00   0.000000000000e+00   1.000000000000e+01   0.000000000000e+00   0.000000000000e+00   0.000000000000e+00
   6.000000000000e+00   0.000000000000e+00   1.200000000000e+01   0.000000000000e+00   0.000000000000e+00   0.000000000000e+00
   7.000000000000e+00   0.000000000000e+00   1.400000000000e+01   0.000000000000e+00   0.000000000000e+00   0.000000000000e+00
   8.000000000000e+00   0.000000000000e+00   1.600000000000e+01   0.000000000000e+00   0.000000000000e+00   0.000000000000e+00
   9.000000000000e+00   0.000000000000e+00   1.800000000000e+01   0.000000000000e+00   0.000000000000e+00   0.000000000000e+00
   1.000000000000e+01   0.000000000000e+00   2.000000000000e+01   0.000000000000e+00   0.000000000000e+00   0.000000000000e+00
   1.100000000000e+01   5.000000000000e-02   2.200000000000e+01   8.726638888889e-04   4.363319444444e-04   2.181659722222e-04
   1.200000000000e+01   8.500000000000e-01   2.400000000000e+01   1.483528611111e-02   7.417643055556e-03   3.708821527778e-03
   1.300000000000e+01   1.920000000000e+00   2.600000000000e+01   3.351029333333e-02   1.675514666667e-02   8.377573333333e-03
   1.400000000000e+01   3.020000000000e+00   2.800000000000e+01   5.270889888889e-02   2.635444944444e-02   1.317722472222e-02
   1.500000000000e+01   5.110000000000e+00   3.000000000000e+01   8.918624944444e-02   4.459312472222e-02   2.229656236111e-02
   1.600000000000e+01   5.880000000000e+00   3.200000000000e+01   1.026252733333e-01   5.131263666667e-02   2.565631833333e-02
   1.700000000000e+01   6.620000000000e+00   3.400000000000e+01   1.155406988889e-01   5.777034944444e-02   2.888517472222e-02
   1.800000000000e+01   8.220000000000e+00   3.600000000000e+01   1.434659433333e-01   7.173297166667e-02   3.586648583333e-02
   1.900000000000e+01   9.390000000000e+00   3.800000000000e+01   1.638862783333e-01   8.194313916667e-02   4.097156958333e-02
   2.000000000000e+01   1.003000000000e+01   4.000000000000e+01   1.750563761111e-01   8.752818805556e-02   4.376409402778e-02
   2.100000000000e+01   1.099000000000e+01   4.200000000000e+01   1.918115227778e-01   9.590576138889e-02   4.795288069444e-02
   2.200000000000e+01   1.109000000000e+01   4.400000000000e+01   1.935568505556e-01   9.677842527778e-02   4.838921263889e-02
   2.300000000000e+01   1.192000000000e+01   4.600000000000e+01   2.080430711111e-01   1.040215355556e-01   5.201076777778e-02
   2.400000000000e+01   1.353000000000e+01   4.800000000000e+01   2.361428483333e-01   1.180714241667e-01   5.903571208333e-02
   2.500000000000e+01   1.310000000000e+01   5.000000000000e+01   2.286379388889e-01   1.143189694444e-01   5.715948472222e-02
   2.600000000000e+01   1.461000000000e+01   5.200000000000e+01   2.549923883333e-01   1.274961941667e-01   6.374809708333e-02
   2.700000000000e+01   1.409000000000e+01   5.400000000000e+01   2.459166838889e-01   1.229583419444e-01   6.147917097222e-02
   2.800000000000e+01   1.515000000000e+01   5.600000000000e+01   2.644171583333e-01   1.322085791667e-01   6.610428958333e-02
   2.900000000000e+01   1.551000000000e+01   5.800000000000e+01   2.707003383333e-01   1.353501691667e-01   6.767508458333e-02
   3.000000000000e+01   1.624000000000e+01   6.000000000000e+01   2.834412311111e-01   1.417206155556e-01   7.086030777778e-02
   3.100000000000e+01   1.599000000000e+01   6.200000000000e+01   2.790779116667e-01   1.395389558333e-01   6.976947791667e-02
   3.200000000000e+01   1.612000000000e+01   6.400000000000e+01   2.813468377778e-01   1.406734188889e-01   7.033670944444e-02
   3.300000000000e+01   1.681000000000e+01   6.600000000000e+01   2.933895994444e-01   1.466947997222e-01   7.334739986111e-02
   3.400000000000e+01   1.629000000000e+01   6.800000000000e+01   2.843138950000e-01   1.421569475000e-01   7.107847375000e-02
   3.500000000000e+01   1.577000000000e+01   7.000000000000e+01   2.752381905556e-01   1.376190952778e-01   6.880954763889e-02
   3.600000000000e+01   1.621000000000e+01   7.200000000000e+01   2.829176327778e-01   1.414588163889e-01   7.072940819444e-02
   3.700000000000e+01   1.688000000000e+01   7.400000000000e+01   2.946113288889e-01   1.473056644444e-01   7.365283222222e-02
   3.800000000000e+01   1.567000000000e+01   7.600000000000e+01   2.734928627778e-01   1.367464313889e-01   6.837321569444e-02
   3.900000000000e+01   1.669000000000e+01   7.800000000000e+01   2.912952061111e-01   1.456476030556e-01   7.282380152778e-02
   4.000000000000e+01   1.729000000000e+01   8.000000000000e+01   3.017671727778e-01   1.508835863889e-01   7.544179319444e-02
   4.100000000000e+01   1.704000000000e+01   8.200000000000e+01   2.974038533333e-01   1.487019266667e-01   7.435096333333e-02
   4.200000000000e+01   1.906000000000e+01   8.400000000000e+01   3.326594744444e-01   1.663297372222e-01   8.316486861111e-02
   4.300000000000e+01   1.927000000000e+01   8.600000000000e+01   3.363246627778e-01   1.681623313889e-01   8.408116569444e-02
   4.400000000000e+01   1.731000000000e+01   8.800000000000e+01   3.021162383333e-01   1.510581191667e-01   7.552905958333e-02
   4.500000000000e+01   1.749000000000e+01   9.000000000000e+01   3.052578283333e-01   1.526289141667e-01   7.631445708333e-02
   4.600000000000e+01   1.911000000000e+01   9.200000000000e+01   3.335321383333e-01   1.667660691667e-01   8.338303458333e-02
   4.700000000000e+01   1.806000000000e+01   9.400000000000e+01   3.152061966667e-01   1.576030983333e-01   7.880154916667e-02
   4.800000000000e+01   1.743000000000e+01   9.600000000000e+01   3.042106316667e-01   1.521053158333e-01   7.605265791667e-02
   4.900000000000e+01   1.796000000000e+01   9.800000000000e+01   3.134608688889e-01   1.567304344444e-01   7.836521722222e-02
   5.000000000000e+01   1.714000000000e+01   1.000000000000e+02   2.991491811111e-01   1.495745905556e-01   7.478729527778e-02
   5.100000000000e+01   1.770000000000e+01   1.020000000000e+02   3.089230166667e-01   1.544615083333e-01   7.723075416667e-02
   5.200000000000e+01   1.815000000000e+01   1.040000000000e+02   3.167769916667e-01   1.583884958333e-01   7.919424791667e-02
   5.300000000000e+01   1.879000000000e+01   1.060000000000e+02   3.279470894444e-01   1.639735447222e-01   8.198677236111e-02
   5.400000000000e+01   1.746000000000e+01   1.080000000000e+02   3.047342300000e-01   1.523671150000e-01   7.618355750000e-02
   5.500000000000e+01   1.734000000000e+01   1.100000000000e+02   3.026398366667e-01   1.513199183333e-01   7.565995916667e-02
   5.600000000000e+01   1.885000000000e+01   1.120000000000e+02   3.289942861111e-01   1.644971430556e-01   8.224857152778e-02
   5.700000000000e+01   1.734000000000e+01   1.140000000000e+02   3.026398366667e-01   1.513199183333e-01   7.565995916667e-02
   5.800000000000e+01   1.852000000000e+01   1.160000000000e+02   3.232347044444e-01   1.616173522222e-01   8.080867611111e-02
   5.900000000000e+01   1.829000000000e+01   1.180000000000e+02   3.192204505556e-01   1.596102252778e-01   7.980511263889e-02
   6.000000000000e+01   1.824000000000e+01   1.200000000000e+02   3.183477866667e-01   1.591738933333e-01   7.958694666667e-02
   6.100000000000e+01   1.919000000000e+01   1.220000000000e+02   3.349284005556e-01   1.674642002778e-01   8.373210013889e-02
   6.200000000000e+01   1.773000000000e+01   1.240000000000e+02   3.094466150000e-01   1.547233075000e-01   7.736165375000e-02
   6.300000000000e+01   1.966000000000e+01   1.260000000000e+02   3.431314411111e-01   1.715657205556e-01   8.578286027778e-02
   6.400000000000e+01   1.947000000000e+01   1.280000000000e+02   3.398153183333e-01   1.699076591667e-01   8.495382958333e-02
   6.500000000000e+01   1.787000000000e+01   1.300000000000e+02   3.118900738889e-01   1.559450369444e-01   7.797251847222e-02
   6.600000000000e+01   1.936000000000e+01   1.320000000000e+02   3.378954577778e-01   1.689477288889e-01   8.447386444444e-02
   6.700000000000e+01   1.814000000000e+01   1.340000000000e+02   3.166024588889e-01   1.583012294444e-01   7.915061472222e-02
   6.800000000000e+01   1.958000000000e+01   1.360000000000e+02   3.417351788889e-01   1.708675894444e-01   8.543379472222e-02
   6.900000000000e+01   2.083000000000e+01   1.380000000000e+02   3.635517761111e-01   1.817758880556e-01   9.088794402778e-02
   7.000000000000e+01   1.972000000000e+01   1.400000000000e+02   3.441786377778e-01   1.720893188889e-01   8.604465944444e-02
   7.100000000000e+01   1.893000000000e+01   1.420000000000e+02   3.303905483333e-01   1.651952741667e-01   8.259763708333e-02
   7.200000000000e+01   2.006000000000e+01   1.440000000000e+02   3.501127522222e-01   1.750563761111e-01   8.752818805556e-02
   7.300000000000e+01   1.813000000000e+01   1.460000000000e+02   3.164279261111e-01   1.582139630556e-01   7.910698152778e-02
   7.400000000000e+01   2.090000000000e+01   1.480000000000e+02   3.647735055556e-01   1.823867527778e-01   9.119337638889e-02
   7.500000000000e+01   1.964000000000e+01   1.500000000000e+02   3.427823755556e-01   1.713911877778e-01   8.569559388889e-02
   7.600000000000e+01   1.965000000000e+01   1.520000000000e+02   3.429569083333e-01   1.714784541667e-01   8.573922708333e-02
   7.700000000000e+01   1.926000000000e+01   1.540000000000e+02   3.361501300000e-01   1.680750650000e-01   8.403753250000e-02
   7.800000000000e+01   1.940000000000e+01   1.560000000000e+02   3.385935888889e-01   1.692967944444e-01   8.464839722222e-02
   7.900000000000e+01   1.836000000000e+01   1.580000000000e+02   3.204421800000e-01   1.602210900000e-01   8.011054500000e-02
   8.000000000000e+01   1.910000000000e+01   1.600000000000e+02   3.333576055556e-01   1.666788027778e-01   8.333940138889e-02
   8.100000000000e+01   1.765000000000e+01   1.620000000000e+02   3.080503527778e-01   1.540251763889e-01   7.701258819444e-02
   8.200000000000e+01   1.931000000000e+01   1.640000000000e+02   3.370227938889e-01   1.685113969444e-01   8.425569847222e-02
   8.300000000000e+01   1.880000000000e+01   1.660000000000e+02   3.281216222222e-01   1.640608111111e-01   8.203040555556e-02
   8.400000000000e+01   1.788000000000e+01   1.680000000000e+02   3.120646066667e-01   1.560323033333e-01   7.801615166667e-02
   8.500000000000e+01   1.931000000000e+01   1.700000000000e+02   3.370227938889e-01   1.685113969444e-01   8.425569847222e-02
   8.600000000000e+01   1.942000000000e+01   1.720000000000e+02   3.389426544444e-01   1.694713272222e-01   8.473566361111e-02
   8.700000000000e+01   1.770000000000e+01   1.740000000000e+02   3.089230166667e-01   1.544615083333e-01   7.723075416667e-02
   8.800000000000e+01   1.922000000000e+01   1.760000000000e+02   3.354519988889e-01   1.677259994444e-01   8.386299972222e-02
   8.900000000000e+01   1.883000000000e+01   1.780000000000e+02   3.286452205556e-01   1.643226102778e-01   8.216130513889e-02
   9.000000000000e+01   1.906000000000e+01   1.800000000000e+02   3.326594744444e-01   1.663297372222e-01   8.316486861111e-02
   9.100000000000e+01   1.772000000000e+01   1.820000000000e+02   3.092720822222e-01   1.546360411111e-01   7.731802055556e-02
   9.200000000000e+01   1.758000000000e+01   1.840000000000e+02   3.068286233333e-01   1.534143116667e-01   7.670715583333e-02
   9.300000000000e+01   1.737000000000e+01   1.860000000000e+02   3.031634350000e-01   1.515817175000e-01   7.579085875000e-02
   9.400000000000e+01   1.744000000000e+01   1.880000000000e+02   3.043851644444e-01   1.521925822222e-01   7.609629111111e-02
   9.500000000000e+01   1.790000000000e+01   1.900000000000e+02   3.124136722222e-01   1.562068361111e-01   7.810341805556e-02
   9.600000000000e+01   1.792000000000e+01   1.920000000000e+02   3.127627377778e-01   1.563813688889e-01   7.819068444444e-02
   9.700000000000e+01   1.854000000000e+01   1.940000000000e+02   3.235837700000e-01   1.617918850000e-01   8.089594250000e-02
   9.800000000000e+01   1.719000000000e+01   1.960000000000e+02   3.000218450000e-01   1.500109225000e-01   7.500546125000e-02
   9.900000000000e+01   1.775000000000e+01   1.980000000000e+02   3.097956805556e-01   1.548978402778e-01   7.744892013889e-02
   1.000000000000e+02   1.762000000000e+01   2.000000000000e+02   3.075267544444e-01   1.537633772222e-01   7.688168861111e-02
